,timestamp,open,high,low,close,volume
0,2022-04-12,154.91,157.99,154.5575,156.97,517887
1,2022-04-11,154.09,156.92,154.09,154.91,410997
2,2022-04-08,152.35,153.91,151.49,153.34,484991
3,2022-04-07,152.04,152.75,150.07,151.3,1042870
4,2022-04-06,153.12,153.6,150.25,152.45,623266
5,2022-04-05,154.69,155.615,153.44,154.08,396273
6,2022-04-04,154.9,155.62,152.87,155.16,752905
7,2022-04-01,157.27,157.27,154.405,155.76,621561
8,2022-03-31,156.41,158.09,156.11,156.11,541534
9,2022-03-30,156.39,158.465,156.08,156.87,473288
10,2022-03-29,156.58,156.62,154.58,156.39,480515
11,2022-03-28,156.2,156.2,154.3,155.18,390270
12,2022-03-25,153.55,156.13,152.21,156.13,440889
13,2022-03-24,153.89,155.22,152.59,152.96,370737
14,2022-03-23,152.95,154.19,152.12,152.82,410707
15,2022-03-22,157.58,157.58,152.72,153.46,940047
16,2022-03-21,156.8,157.7509,154.775,156.33,505622
17,2022-03-18,157.5,157.5,153.98,156.47,1328851
18,2022-03-17,154.42,156.46,152.8703,156.26,537335
19,2022-03-16,152.85,155.93,152.715,155.34,753689
20,2022-03-15,151.77,152.9399,149.08,152.35,924748
21,2022-03-14,150.49,152.1,149.57,150.93,746710
22,2022-03-11,150.03,150.93,148.79,149.75,578362
23,2022-03-10,146.5,149.74,145.96,149.01,692618
24,2022-03-09,143.8,148.68,143.035,147.65,990708
25,2022-03-08,145.89,146.75,140.13,140.8,953005
26,2022-03-07,149.23,150.01,145.0,145.17,706705
27,2022-03-04,146.3,149.88,145.64,149.61,550433
28,2022-03-03,148.18,149.76,147.41,148.65,491754
29,2022-03-02,143.99,147.52,143.66,147.28,745070
30,2022-03-01,146.96,147.27,142.73,143.12,724760
31,2022-02-28,147.51,148.66,144.93,147.19,708901
32,2022-02-25,146.8,150.74,146.8,149.62,799128
33,2022-02-24,143.35,146.52,141.1038,145.99,1003254
34,2022-02-23,149.39,149.58,145.21,145.26,612753
35,2022-02-22,149.05,149.96,147.93,149.06,449867
36,2022-02-18,148.08,149.67,147.56,148.47,465712
37,2022-02-17,149.76,149.76,148.01,148.53,740495
38,2022-02-16,147.5,148.88,147.23,148.49,409432
39,2022-02-15,148.3,149.59,147.28,148.07,693947
40,2022-02-14,148.1,148.1,145.59,147.02,1023504
41,2022-02-11,148.45,149.6471,147.2,147.79,749548
42,2022-02-10,150.19,151.785,148.36,148.71,675877
43,2022-02-09,150.84,152.25,150.84,151.06,473392
44,2022-02-08,149.92,151.1,147.96,150.5,806930
45,2022-02-07,146.66,149.65,145.82,148.39,875052
46,2022-02-04,147.43,149.05,146.02,146.67,610771
47,2022-02-03,146.92,149.19,146.05,148.18,713490
48,2022-02-02,149.2,149.47,146.84,147.26,658395
49,2022-02-01,150.58,150.7099,147.27,149.46,762022
50,2022-01-31,147.27,150.96,146.37,150.63,2080309
51,2022-01-28,143.97,146.81,143.25,145.55,1442792
52,2022-01-27,142.31,149.74,142.09,143.49,2031170
53,2022-01-26,134.59,136.5103,131.94,133.4,915912
54,2022-01-25,134.44,137.52,133.52,135.03,953779
55,2022-01-24,132.49,136.97,131.79,136.57,922211
56,2022-01-21,135.5,137.08,133.77,134.52,662943
57,2022-01-20,136.92,137.85,135.1475,135.22,443520
58,2022-01-19,135.55,137.35,134.73,137.12,491020
59,2022-01-18,136.76,136.99,133.05,134.35,738161
60,2022-01-14,135.91,137.64,134.82,137.31,730948
61,2022-01-13,134.43,137.665,134.01,137.15,590577
62,2022-01-12,136.13,136.33,133.0,134.0,612686
63,2022-01-11,136.6,136.6,134.6075,135.91,503808
64,2022-01-10,138.37,138.715,134.51,135.97,537708
65,2022-01-07,137.26,139.11,137.09,137.85,547030
66,2022-01-06,139.96,140.21,136.55,136.97,709896
67,2022-01-05,138.73,140.345,137.54,138.98,864755
68,2022-01-04,134.74,139.82,134.74,138.03,754428
69,2022-01-03,136.46,136.6574,133.93,134.61,425796
70,2021-12-31,134.43,136.56,134.3902,136.15,369669
71,2021-12-30,135.35,135.74,134.02,134.67,433510
72,2021-12-29,133.63,134.95,133.62,134.61,419322
73,2021-12-28,133.0,133.94,132.64,133.48,544548
74,2021-12-27,131.12,133.04,130.81,133.0,293359
75,2021-12-23,131.54,132.81,131.11,131.3,453242
76,2021-12-22,130.73,131.85,129.7,130.99,854615
77,2021-12-21,129.56,131.85,129.56,130.73,1484279
78,2021-12-20,128.17,129.35,124.78,129.06,1208342
79,2021-12-17,133.62,133.75,129.57,130.03,1976800
80,2021-12-16,132.63,135.1,132.31,134.5,1001879
81,2021-12-15,131.18,131.87,129.6,131.77,517209
82,2021-12-14,130.91,131.65,130.32,130.63,738087
83,2021-12-13,128.78,131.09,128.17,130.52,640276
84,2021-12-10,130.03,130.03,127.99,128.17,713241
85,2021-12-09,131.38,132.18,129.08,129.22,1088158
86,2021-12-08,135.68,136.59,132.14,132.23,608908
87,2021-12-07,136.65,137.88,135.235,135.36,1176695
88,2021-12-06,134.67,136.82,134.395,136.19,920940
89,2021-12-03,131.92,133.69,131.42,133.21,1053375
90,2021-12-02,130.02,132.56,130.02,131.92,681146
91,2021-12-01,131.2,133.03,129.45,129.51,730631
92,2021-11-30,132.37,133.06,130.13,130.59,1150362
93,2021-11-29,134.62,135.0,133.165,133.7,670619
94,2021-11-26,130.52,134.625,130.1,133.57,694626
95,2021-11-24,134.01,134.175,131.57,132.12,730852
96,2021-11-23,134.86,136.1199,134.46,134.7,421971
97,2021-11-22,133.54,135.85,132.91,134.34,997606
98,2021-11-19,132.39,133.99,132.01,133.09,942781
99,2021-11-18,134.42,135.15,132.3,132.61,781449
100,2021-11-17,134.4,135.145,132.5,134.59,596220
101,2021-11-16,135.04,135.915,134.5,134.56,403033
102,2021-11-15,135.49,135.8,134.64,134.82,496644
103,2021-11-12,135.53,136.02,134.42,135.09,257280
104,2021-11-11,135.53,136.07,134.84,135.1,323669
105,2021-11-10,134.07,135.88,133.255,135.45,724251
106,2021-11-09,134.02,135.195,132.92,134.19,549159
107,2021-11-08,135.89,136.51,134.13,134.37,539837
108,2021-11-05,135.19,136.945,134.88,135.38,314548
109,2021-11-04,135.01,136.82,133.88,134.4,441781
110,2021-11-03,133.42,135.88,133.3,135.38,559237
111,2021-11-02,135.44,135.77,132.927,133.71,536847
112,2021-11-01,136.45,136.905,135.29,135.45,396225
113,2021-10-29,138.21,139.42,137.05,137.37,521472
114,2021-10-28,136.21,138.94,135.0,138.8,824635
115,2021-10-27,136.07,136.21,132.93,135.4,873803
116,2021-10-26,136.26,139.005,133.82,136.03,1250506
117,2021-10-25,134.01,136.27,133.11,133.92,1646998
118,2021-10-22,135.26,136.76,133.97,133.99,798856
119,2021-10-21,135.27,135.78,133.75,134.75,909658
120,2021-10-20,132.86,136.875,132.86,135.54,499338
121,2021-10-19,134.12,134.17,132.1,132.86,709445
122,2021-10-18,133.34,136.3,132.6641,134.12,492710
123,2021-10-15,139.84,140.17,133.34,133.71,1066901
124,2021-10-14,137.99,139.85,136.63,139.11,627516
125,2021-10-13,139.53,140.55,134.51,137.24,822703
126,2021-10-12,138.53,140.65,137.8,139.53,514371
127,2021-10-11,139.26,141.06,138.0,138.09,743955
128,2021-10-08,142.67,143.75,138.615,139.13,759628
129,2021-10-07,142.52,143.87,142.09,142.67,638151
130,2021-10-06,140.7,141.84,138.58,141.21,539641
131,2021-10-05,139.41,142.62,138.21,141.72,533264
132,2021-10-04,139.0,140.52,138.5,139.4,501332
133,2021-10-01,137.5,140.05,136.11,139.15,475171
134,2021-09-30,141.9,141.96,137.37,137.44,685706
135,2021-09-29,142.05,142.83,141.14,141.38,413344
136,2021-09-28,143.93,144.1761,141.78,142.03,379890
137,2021-09-27,141.62,144.35,141.62,143.63,365635
138,2021-09-24,142.41,143.55,141.83,141.87,272419
139,2021-09-23,141.86,143.32,141.35,142.69,450230
140,2021-09-22,139.05,141.805,139.03,140.74,498533
141,2021-09-21,140.22,140.34,137.95,138.02,490545
142,2021-09-20,139.23,140.13,138.1,139.72,618231
143,2021-09-17,142.92,143.13,140.45,141.02,1337950
144,2021-09-16,146.0,146.15,143.3,143.71,1127692
145,2021-09-15,148.14,148.445,145.73,146.04,756423
146,2021-09-14,151.16,151.16,147.88,148.28,575889
147,2021-09-13,152.86,152.86,150.72,151.68,545091
148,2021-09-10,152.31,153.785,151.68,151.82,436030
149,2021-09-09,151.35,152.305,151.29,151.71,780575
150,2021-09-08,151.09,152.305,150.22,151.68,636369
151,2021-09-07,152.52,152.67,151.24,151.6,636264
152,2021-09-03,152.75,153.36,151.88,152.45,758386
153,2021-09-02,154.81,155.78,152.65,153.31,1320700
154,2021-09-01,151.99,154.35,150.6,153.94,823076
155,2021-08-31,151.27,153.41,151.03,151.7,751632
156,2021-08-30,151.84,152.6296,151.13,151.15,596860
157,2021-08-27,149.96,151.77,149.96,151.39,323881
158,2021-08-26,150.02,150.17,148.83,149.4,550783
159,2021-08-25,147.7,150.52,147.07,149.92,388968
160,2021-08-24,147.0,148.2,146.925,147.85,329270
161,2021-08-23,149.06,149.06,146.49,146.98,555673
162,2021-08-20,145.26,148.69,145.26,148.3,777237
163,2021-08-19,144.05,146.075,143.69,145.09,443848
164,2021-08-18,145.15,146.97,145.0,145.05,528148
165,2021-08-17,145.62,146.09,144.51,145.67,422305
166,2021-08-16,145.8,146.44,144.14,146.09,577685
167,2021-08-13,145.57,146.94,145.35,146.42,348829
168,2021-08-12,145.5,146.35,144.445,145.46,432010
169,2021-08-11,144.69,146.05,144.07,145.61,496292
170,2021-08-10,142.22,145.035,142.22,144.06,382898
171,2021-08-09,140.66,143.31,140.17,142.64,472511
172,2021-08-06,139.48,140.86,139.08,140.57,386787
173,2021-08-05,139.56,140.0,137.74,138.54,524929
174,2021-08-04,139.37,140.26,138.0,138.73,577923
175,2021-08-03,139.56,140.24,137.89,140.21,539269
176,2021-08-02,141.65,142.87,138.8,139.27,636869
177,2021-07-30,140.69,142.28,140.3,141.5,816693
178,2021-07-29,139.26,141.7,138.94,140.22,1129578
179,2021-07-28,138.14,139.26,136.61,138.94,480161
180,2021-07-27,134.57,140.5,131.77,138.09,803559
181,2021-07-26,133.5,134.92,132.78,134.57,439654
182,2021-07-23,131.86,134.095,131.26,133.63,491038
183,2021-07-22,132.79,132.79,130.7067,131.52,441300
184,2021-07-21,133.53,134.445,132.41,132.82,388529
185,2021-07-20,132.52,134.94,132.02,132.58,620411
186,2021-07-19,132.98,134.04,130.65,132.19,509252
187,2021-07-16,137.29,137.49,134.6,134.92,490789
188,2021-07-15,136.82,138.04,136.24,136.72,708479
189,2021-07-14,137.49,138.655,137.01,137.16,429499
190,2021-07-13,139.08,139.62,137.23,137.49,480549
191,2021-07-12,137.28,139.24,136.2,138.91,648021
192,2021-07-09,138.22,138.73,137.44,138.63,422285
193,2021-07-08,135.91,137.23,135.02,136.13,661364
194,2021-07-07,135.09,138.22,135.09,137.62,508261
195,2021-07-06,136.58,136.765,134.385,135.72,566605
196,2021-07-02,136.75,136.935,135.23,136.65,518236
197,2021-07-01,136.05,137.16,135.07,136.54,414418
198,2021-06-30,134.53,135.82,134.23,135.42,474851
199,2021-06-29,136.03,137.18,134.635,135.07,474797
200,2021-06-28,135.21,135.6825,133.94,135.59,434131
201,2021-06-25,133.96,136.21,133.96,135.26,590590
202,2021-06-24,135.0,135.38,133.61,133.8,541626
203,2021-06-23,135.45,135.57,134.075,134.6,344463
204,2021-06-22,135.26,136.029,134.55,135.32,340819
205,2021-06-21,134.18,136.24,134.18,135.33,445178
206,2021-06-18,132.16,133.24,131.66,132.75,1104230
207,2021-06-17,138.92,138.98,133.36,133.81,830494
208,2021-06-16,139.62,139.67,138.26,138.62,979684
209,2021-06-15,139.81,140.62,138.54,139.94,877050
210,2021-06-14,142.97,143.255,138.44,138.86,857623
211,2021-06-11,143.28,144.07,142.48,143.85,1260107
212,2021-06-10,144.25,144.25,142.565,142.62,484390
213,2021-06-09,143.84,144.65,142.92,142.99,706921
214,2021-06-08,144.27,145.0,143.47,144.27,902992
215,2021-06-07,147.3,147.3,144.09,144.32,680268
216,2021-06-04,147.0,147.41,145.95,146.76,583832
217,2021-06-03,146.09,146.52,145.33,146.08,916082
218,2021-06-02,149.24,149.33,145.61,146.44,1256947
219,2021-06-01,150.0,150.615,148.89,149.79,431308
220,2021-05-28,149.48,150.25,148.07,148.65,382261
221,2021-05-27,149.83,150.4094,148.37,149.39,1184891
222,2021-05-26,148.9,149.54,147.55,148.73,462094
223,2021-05-25,151.58,152.16,148.8601,149.19,369452
224,2021-05-24,151.18,151.91,150.55,151.5,352067
225,2021-05-21,149.92,151.23,149.61,150.16,399904
226,2021-05-20,150.29,151.09,149.26,149.39,370713
227,2021-05-19,151.51,151.51,149.38,150.77,290822
228,2021-05-18,153.81,154.27,152.03,152.21,400387
229,2021-05-17,154.6,156.44,153.89,155.13,338190
230,2021-05-14,155.19,155.715,153.72,154.25,299062
231,2021-05-13,150.81,155.89,150.38,155.05,254544
232,2021-05-12,155.16,155.4,151.34,151.56,359665
233,2021-05-11,154.63,156.03,153.27,154.85,469137
234,2021-05-10,154.2,156.54,154.06,154.56,370325
235,2021-05-07,152.22,153.56,151.72,153.16,224299
236,2021-05-06,153.08,153.38,151.21,153.24,338359
237,2021-05-05,151.88,153.13,151.085,152.17,417901
238,2021-05-04,149.6,151.98,149.6,151.88,545113
239,2021-05-03,148.64,150.32,147.89,149.47,342156
240,2021-04-30,149.52,150.22,147.25,147.65,550600
241,2021-04-29,146.51,150.07,146.51,150.01,619029
242,2021-04-28,145.96,147.03,144.94,145.37,598983
243,2021-04-27,142.0,147.17,141.2,144.77,593959
244,2021-04-26,143.02,143.6,141.88,143.15,465354
245,2021-04-23,141.29,142.69,140.69,142.33,281508
246,2021-04-22,142.65,142.86,140.55,140.69,575740
247,2021-04-21,140.83,142.39,140.74,142.25,289736
248,2021-04-20,141.17,141.89,139.89,140.81,391576
249,2021-04-19,142.21,142.45,139.25,141.12,554779
250,2021-04-16,140.61,141.43,138.875,140.36,497837
251,2021-04-15,138.11,140.38,137.91,139.55,574258
252,2021-04-14,136.94,137.655,136.27,137.56,348640
253,2021-04-13,139.09,139.64,136.52,137.32,333903
254,2021-04-12,138.01,139.33,138.0,139.1,381625
255,2021-04-09,137.0,137.93,135.61,137.84,429736
256,2021-04-08,137.22,137.65,135.39,136.24,724468
257,2021-04-07,140.0,140.61,138.01,138.05,522383
258,2021-04-06,137.39,139.85,136.79,139.46,928419
259,2021-04-05,137.35,138.025,136.542,137.46,650976
260,2021-04-01,134.59,136.2,133.45,135.57,497220
261,2021-03-31,135.12,136.14,133.79,134.48,494582
262,2021-03-30,135.62,136.316,135.07,135.45,254914
263,2021-03-29,134.61,136.415,134.49,135.84,451385
264,2021-03-26,134.24,135.72,133.28,135.52,428606
265,2021-03-25,130.1,134.2299,129.31,133.79,596649
266,2021-03-24,129.05,131.915,129.05,129.89,467751
267,2021-03-23,130.58,132.935,128.35,128.93,607729
268,2021-03-22,128.08,130.71,127.06,130.45,676500
269,2021-03-19,134.5,134.5,130.6,131.02,1661407
270,2021-03-18,135.6,136.17,133.99,133.99,653337
271,2021-03-17,133.92,135.01,133.49,134.88,798852
272,2021-03-16,134.18,135.11,131.79,133.5,593431
273,2021-03-15,136.66,136.66,132.92,134.74,1005181
274,2021-03-12,139.78,140.17,136.99,137.22,762827
275,2021-03-11,140.64,141.5421,139.21,139.96,714877
276,2021-03-10,139.8,142.56,139.8,140.83,474849
277,2021-03-09,138.24,141.07,137.26,140.0,471381
278,2021-03-08,135.5,140.25,134.94,138.43,818483
279,2021-03-05,135.3,135.86,132.16,134.95,923141
280,2021-03-04,136.46,137.15,131.75,134.21,549498
281,2021-03-03,136.42,137.975,135.53,136.51,443838
282,2021-03-02,136.2,137.29,135.2,136.41,706294
283,2021-03-01,133.25,136.5,133.25,135.89,618527
284,2021-02-26,132.86,133.72,131.5,132.02,797584
285,2021-02-25,133.43,134.61,132.81,133.57,477188
286,2021-02-24,133.42,133.965,131.62,133.43,659098
287,2021-02-23,134.66,134.8,132.86,133.54,595806
288,2021-02-22,133.26,135.08,133.0626,134.32,451793
289,2021-02-19,132.9,134.84,132.23,134.08,386392
290,2021-02-18,132.78,133.5,132.41,132.68,382933
291,2021-02-17,132.75,133.74,131.94,133.42,442570
292,2021-02-16,133.45,133.565,131.5,133.04,638371
293,2021-02-12,131.04,133.92,131.04,133.18,562984
294,2021-02-11,133.99,134.49,130.37,131.17,768588
295,2021-02-10,132.98,134.12,132.52,133.79,715949
296,2021-02-09,133.44,133.88,131.67,131.94,829414
297,2021-02-08,133.95,135.18,132.65,133.03,737819
298,2021-02-05,133.35,134.02,132.15,133.3,857635
299,2021-02-04,135.88,136.29,132.23,132.33,1006272
300,2021-02-03,135.66,136.52,134.41,135.64,522909
301,2021-02-02,136.14,137.66,135.08,135.56,533815
302,2021-02-01,135.54,136.13,132.7,134.65,975540
303,2021-01-29,130.6,135.09,128.94,134.46,1379612
304,2021-01-28,135.88,137.445,129.12,131.71,1174421
305,2021-01-27,138.41,140.12,135.03,135.87,650487
306,2021-01-26,141.63,141.9,139.82,139.84,352417
307,2021-01-25,140.55,142.64,140.01,140.92,750135
308,2021-01-22,140.1,141.11,139.005,140.4,375645
309,2021-01-21,139.98,141.6,139.98,140.55,404045
310,2021-01-20,140.73,141.01,138.71,140.47,576875
311,2021-01-19,143.95,144.3,139.5,139.68,663177
312,2021-01-15,141.47,143.71,140.2305,142.53,586631
313,2021-01-14,143.88,144.55,142.6,143.0,985804
314,2021-01-13,145.75,146.28,142.2053,143.65,863826
315,2021-01-12,143.7,148.14,143.54,147.23,562118
316,2021-01-11,143.21,146.99,142.07,145.83,713865
317,2021-01-08,145.45,146.57,143.13,144.78,740850
318,2021-01-07,144.69,146.0,144.01,144.95,927794
319,2021-01-06,138.03,145.59,138.03,144.52,872445
320,2021-01-05,136.56,138.27,135.256,137.15,999849
321,2021-01-04,138.41,139.465,134.84,135.75,610527
322,2020-12-31,137.56,138.28,136.2,137.91,397051
323,2020-12-30,136.14,138.1,136.14,137.47,251483
324,2020-12-29,137.17,137.54,135.4817,135.67,305538
325,2020-12-28,137.45,138.0,136.32,136.78,297700
326,2020-12-24,136.27,136.39,134.645,136.1,158929
327,2020-12-23,134.12,136.81,133.905,135.73,1024150
328,2020-12-22,133.82,134.7,133.34,133.81,598702
329,2020-12-21,133.32,134.58,130.5,133.77,454811
330,2020-12-18,134.73,135.11,132.325,134.86,1175188
331,2020-12-17,136.0,136.18,134.21,135.65,500483
332,2020-12-16,134.8,136.18,134.51,135.61,550754
333,2020-12-15,132.99,134.58,132.29,134.19,487109
334,2020-12-14,136.66,137.0979,131.54,131.68,597192
335,2020-12-11,135.03,136.81,134.23,135.58,559065
336,2020-12-10,135.74,136.97,134.85,135.56,633972
337,2020-12-09,137.01,138.95,135.35,136.32,646482
338,2020-12-08,133.64,137.54,133.64,137.07,519788
339,2020-12-07,134.13,135.02,132.18,134.93,745686
340,2020-12-04,132.3,134.0,132.3,133.17,512013
341,2020-12-03,132.16,133.55,131.17,131.54,469013
342,2020-12-02,131.59,132.856,130.24,131.98,431564
343,2020-12-01,132.53,133.75,131.08,131.94,606987
344,2020-11-30,131.95,132.21,129.21,130.0,696809
345,2020-11-27,131.36,133.01,130.86,132.77,220538
346,2020-11-25,133.41,134.425,131.51,131.75,358768
347,2020-11-24,133.42,134.93,131.93,134.6,441001
348,2020-11-23,131.23,132.69,130.24,131.47,277135
349,2020-11-20,129.9,130.79,127.64,129.8,579267
350,2020-11-19,131.68,131.68,128.58,129.8,711982
351,2020-11-18,135.57,135.97,131.82,131.89,655016
352,2020-11-17,133.61,136.47,132.295,135.58,655794
353,2020-11-16,132.23,135.005,130.82,134.36,512818
354,2020-11-13,127.2,130.4,127.2,129.95,534992
355,2020-11-12,126.62,126.9,125.115,126.87,421458
356,2020-11-11,130.15,130.65,127.38,127.89,505220
357,2020-11-10,126.93,129.94,126.05,129.94,478832
358,2020-11-09,129.71,131.75,125.33,126.79,827166
359,2020-11-06,122.65,124.735,121.346,123.21,704326
360,2020-11-05,119.6,123.3,119.075,122.54,313366
361,2020-11-04,121.71,121.71,118.12,118.42,392905
362,2020-11-03,119.84,123.99,119.14,123.25,646101
363,2020-11-02,115.73,117.98,115.32,117.87,540150
364,2020-10-30,114.37,115.25,112.9929,114.49,361821
365,2020-10-29,112.03,115.875,112.03,114.78,456478
366,2020-10-28,111.94,112.92,110.87,111.93,565558
367,2020-10-27,115.55,117.895,113.91,113.97,616008
368,2020-10-26,118.23,118.31,115.19,115.78,436354
369,2020-10-23,118.51,119.6,118.2,119.2,419323
370,2020-10-22,117.59,118.62,116.53,118.19,283133
371,2020-10-21,116.82,118.76,116.69,117.71,444498
372,2020-10-20,118.4,118.7243,116.015,116.53,352669
373,2020-10-19,120.12,120.71,116.92,117.26,476542
374,2020-10-16,119.39,120.17,119.0,119.59,650478
375,2020-10-15,115.25,118.83,115.1101,118.7,398307
376,2020-10-14,116.87,117.825,116.395,116.56,382997
377,2020-10-13,115.83,117.19,115.37,116.4,350307
378,2020-10-12,115.75,118.58,114.5,116.71,578180
379,2020-10-09,114.56,115.51,112.74,112.9,493511
380,2020-10-08,112.23,113.84,111.94,113.81,323343
381,2020-10-07,110.54,112.89,110.54,111.97,377980
382,2020-10-06,110.55,111.84,109.09,109.41,474651
383,2020-10-05,110.17,111.78,109.61,110.94,795049
384,2020-10-02,106.34,109.65,106.0755,108.42,621974
385,2020-10-01,109.76,110.56,106.94,107.65,547342
386,2020-09-30,109.36,110.56,107.96,109.05,676772
387,2020-09-29,111.39,111.455,108.35,108.75,630366
388,2020-09-28,110.34,111.68,108.61,111.15,945812
389,2020-09-25,103.03,109.93,102.775,109.44,1078906
390,2020-09-24,104.22,105.93,102.76,104.27,382628
391,2020-09-23,107.27,107.3,104.08,104.15,635979
392,2020-09-22,107.8,109.01,105.7,107.15,644816
393,2020-09-21,110.52,111.455,106.9507,108.03,736244
394,2020-09-18,112.96,114.32,112.61,113.14,1177314
395,2020-09-17,109.48,113.46,108.11,112.96,952130
396,2020-09-16,108.91,111.61,107.8449,111.01,905956
397,2020-09-15,106.79,107.89,106.79,107.53,735669
398,2020-09-14,104.76,106.52,104.225,105.93,521069
399,2020-09-11,103.64,105.1,103.06,104.61,675601
400,2020-09-10,104.6,105.42,102.68,103.51,916546
401,2020-09-09,104.55,106.07,103.86,104.51,638932
402,2020-09-08,105.85,106.36,103.45,103.48,743826
403,2020-09-04,106.97,107.66,105.12,106.55,732832
404,2020-09-03,107.14,108.04,104.09,105.95,1175170
405,2020-09-02,104.35,107.2,103.72,107.14,800107
406,2020-09-01,101.13,104.24,100.64,104.22,680241
407,2020-08-31,103.07,103.27,100.32,101.24,770640
408,2020-08-28,102.17,102.94,101.72,102.27,604927
409,2020-08-27,99.98,102.41,99.96,102.1,932794
410,2020-08-26,98.87,100.0,98.385,99.86,614220
411,2020-08-25,100.18,100.4,97.755,99.19,517977
412,2020-08-24,96.75,100.03,96.75,99.72,571527
413,2020-08-21,96.72,97.35,95.5511,95.96,422101
414,2020-08-20,96.85,97.68,95.73,96.72,306802
415,2020-08-19,98.68,99.89,97.69,98.11,647406
416,2020-08-18,99.31,99.78,97.99,98.03,349837
417,2020-08-17,99.9,100.67,98.97,99.23,406807
418,2020-08-14,98.49,100.465,98.2045,99.67,348191
419,2020-08-13,98.74,99.83,98.39,99.22,375063
420,2020-08-12,100.62,101.43,98.45,99.4,494102
421,2020-08-11,98.72,101.76,98.57,100.0,946303
422,2020-08-10,95.69,97.56,95.17,97.56,1882087
423,2020-08-07,92.17,95.53,92.015,95.47,2132500
424,2020-08-06,95.96,96.43,94.915,95.01,696816
425,2020-08-05,96.29,97.41,95.79,95.86,793809
426,2020-08-04,94.76,95.98,93.9625,95.37,1750516
427,2020-08-03,96.79,97.105,95.47,95.95,728335
428,2020-07-31,98.17,98.17,94.61,96.12,824920
429,2020-07-30,100.58,101.65,97.71,98.28,828401
430,2020-07-29,102.01,103.09,99.52,101.97,940712
431,2020-07-28,103.07,103.79,101.1,101.98,964424
432,2020-07-27,102.43,104.13,101.36,103.53,688421
433,2020-07-24,103.86,104.39,102.41,102.79,393770
434,2020-07-23,103.87,105.31,103.14,103.46,510310
435,2020-07-22,104.05,104.945,103.25,104.27,445853
436,2020-07-21,103.68,105.15,103.58,104.12,455007
437,2020-07-20,105.14,105.15,103.34,103.72,370097
438,2020-07-17,107.32,107.32,104.62,104.71,879912
439,2020-07-16,102.86,108.36,102.72,107.05,1012206
440,2020-07-15,104.21,104.21,101.61,102.84,659758
441,2020-07-14,98.89,102.23,98.86,102.12,715196
442,2020-07-13,99.25,100.3,98.23,98.78,479051
443,2020-07-10,95.96,98.97,95.96,98.89,484446
444,2020-07-09,96.53,96.53,94.85,95.37,606390
445,2020-07-08,98.34,98.88,95.33,96.31,607381
446,2020-07-07,99.01,99.65,98.01,98.67,577610
447,2020-07-06,100.91,101.98,98.51,100.0,742350
448,2020-07-02,100.5,101.02,98.54,99.65,906023
449,2020-07-01,99.86,100.17,97.72,99.37,661781
450,2020-06-30,97.55,100.31,97.11,99.8,776429
451,2020-06-29,97.09,99.5,96.75,98.02,559727
452,2020-06-26,95.43,96.52,94.82,95.68,891696
453,2020-06-25,97.35,97.54,93.38,95.93,725948
454,2020-06-24,99.16,99.55,97.74,97.94,853532
455,2020-06-23,99.28,100.6,99.19,99.94,806275
456,2020-06-22,99.03,99.27,97.12,98.57,769866
457,2020-06-19,98.81,99.75,97.02,99.75,3273215
458,2020-06-18,98.38,99.07,96.9,97.62,865417
459,2020-06-17,101.26,101.26,98.72,99.08,499219
460,2020-06-16,102.45,103.48,100.36,100.93,800190
461,2020-06-15,96.16,99.95,94.72,99.47,942978
462,2020-06-12,100.7,101.57,96.23,98.92,582490
463,2020-06-11,102.62,103.38,98.04,98.13,693317
464,2020-06-10,106.73,107.41,105.2,105.32,461891
465,2020-06-09,110.42,110.42,107.68,107.85,515646
466,2020-06-08,109.58,112.11,109.54,111.82,558790
467,2020-06-05,111.44,112.8,109.59,110.56,873702
468,2020-06-04,106.58,108.69,106.58,108.63,854159
469,2020-06-03,104.68,108.05,103.95,107.47,616978
470,2020-06-02,103.58,104.0,102.43,102.86,814352
471,2020-06-01,101.25,102.88,101.1,102.62,495855
472,2020-05-29,101.41,101.69,99.27,101.41,819474
473,2020-05-28,103.17,103.42,99.96,101.7,815866
474,2020-05-27,100.65,102.52,100.27,102.46,776183
475,2020-05-26,95.0,98.68,95.0,98.36,651916
476,2020-05-22,92.81,93.17,91.51,92.99,390766
477,2020-05-21,92.77,94.75,92.59,92.91,403721
478,2020-05-20,92.33,94.33,92.24,93.44,475790
479,2020-05-19,92.9,93.25,90.86,90.92,561163
480,2020-05-18,94.1,95.14,93.27,93.71,808246
481,2020-05-15,92.49,92.49,90.01,90.92,591695
482,2020-05-14,89.28,93.46,86.93,93.34,618693
483,2020-05-13,94.55,94.76,88.54,89.8,749617
484,2020-05-12,97.91,98.04,95.11,95.16,644899
485,2020-05-11,97.1,98.32,95.33,97.5,595542
486,2020-05-08,95.63,99.29,95.44,98.14,590957
487,2020-05-07,94.38,95.87,93.62,93.79,628675
488,2020-05-06,94.05,95.94,93.03,93.48,563839
489,2020-05-05,96.46,96.79,93.44,93.48,878792
490,2020-05-04,94.41,95.95,91.66,95.78,1060740
491,2020-05-01,95.23,95.27,93.5,94.75,503722
492,2020-04-30,98.2,98.78,95.77,96.65,687134
493,2020-04-29,100.32,101.7,97.77,100.2,945186
494,2020-04-28,93.96,99.0,91.4,98.29,1668894
495,2020-04-27,86.48,90.66,86.16,90.16,1058885
496,2020-04-24,87.26,87.3,85.0,85.99,604668
497,2020-04-23,85.74,87.65,85.58,86.14,445814
498,2020-04-22,87.09,87.5,85.26,85.55,566846
499,2020-04-21,84.15,86.11,84.04,85.68,575171
500,2020-04-20,87.86,88.96,86.04,86.12,815681
501,2020-04-17,87.18,92.0,86.8,90.84,1104918
502,2020-04-16,86.08,86.31,83.14,85.18,695675
503,2020-04-15,86.36,86.68,83.97,85.55,861067
504,2020-04-14,91.1,91.26,87.54,88.5,731229
505,2020-04-13,88.82,90.0,87.19,88.86,742650
506,2020-04-09,88.72,91.75,88.69,90.46,1152410
507,2020-04-08,85.53,88.86,84.4,87.84,747643
508,2020-04-07,87.76,88.91,84.54,85.0,909680
509,2020-04-06,83.4,86.15,82.01,85.43,1079786
510,2020-04-03,83.03,85.29,80.17,80.51,1147863
511,2020-04-02,83.05,86.73,82.56,83.96,1719853
512,2020-04-01,83.77,87.51,83.21,83.9,1368725
513,2020-03-31,90.56,91.06,86.2,86.83,1265260
514,2020-03-30,86.91,91.32,86.15,90.76,843289
515,2020-03-27,84.24,87.93,82.72,86.09,729259
516,2020-03-26,80.44,88.15,80.2,87.27,1004051
517,2020-03-25,79.16,83.64,76.68,79.83,1239634
518,2020-03-24,79.92,81.37,76.91,79.58,1383997
519,2020-03-23,84.56,85.57,74.26,76.22,1680667
520,2020-03-20,88.43,89.22,81.05,85.88,1575269
521,2020-03-19,91.57,94.06,82.75,88.46,1371408
522,2020-03-18,87.29,97.5,85.69,91.03,1359040
523,2020-03-17,82.65,94.37,82.15,93.74,1727773
524,2020-03-16,74.24,83.92,72.75,80.97,1189165
525,2020-03-13,81.79,86.11,79.88,84.36,1506264
526,2020-03-12,79.11,79.72,71.05,77.42,1324383
527,2020-03-11,87.89,88.05,83.61,85.37,1181439
528,2020-03-10,88.13,90.67,85.53,90.08,1218539
529,2020-03-09,85.95,86.94,83.16,85.04,1256024
530,2020-03-06,88.02,91.13,87.91,90.78,978428
531,2020-03-05,90.71,92.03,90.22,91.01,852408
532,2020-03-04,92.07,94.3,91.14,93.92,1330866
533,2020-03-03,93.9,94.96,89.64,90.9,1339073
534,2020-03-02,91.27,94.81,89.16,94.8,965083
535,2020-02-28,89.5,91.33,88.37,90.62,1237559
536,2020-02-27,92.75,96.77,91.92,91.92,1377213
537,2020-02-26,95.35,97.39,94.18,94.21,770310
538,2020-02-25,99.3,99.3,94.21,94.28,969137
539,2020-02-24,100.36,100.63,98.43,98.94,1241320
540,2020-02-21,99.17,102.42,98.79,102.36,1056721
541,2020-02-20,98.65,100.21,98.34,99.1,1019265
542,2020-02-19,99.71,100.24,98.13,98.93,846239
543,2020-02-18,98.71,99.56,97.62,99.32,978142
544,2020-02-14,100.04,100.48,98.8,98.94,432048
545,2020-02-13,101.08,101.27,99.77,99.98,546609
546,2020-02-12,103.06,103.35,101.72,101.75,473342
547,2020-02-11,101.16,103.38,100.8,102.6,553663
548,2020-02-10,100.91,101.78,100.28,100.57,642836
549,2020-02-07,103.68,103.82,101.24,101.38,528725
550,2020-02-06,104.41,104.62,103.32,104.33,847037
551,2020-02-05,101.1,103.87,101.1,103.81,1009695
552,2020-02-04,98.44,99.84,98.11,99.47,1005171
553,2020-02-03,96.28,97.61,95.57,97.15,1455778
554,2020-01-31,98.17,98.22,95.0,95.75,1763638
555,2020-01-30,98.15,102.39,97.1115,99.62,2457347
556,2020-01-29,104.75,105.99,103.93,104.94,1113444
557,2020-01-28,104.76,104.76,103.42,104.4,784770
558,2020-01-27,103.85,104.78,103.56,104.04,642977
559,2020-01-24,106.71,106.71,104.9,105.65,756377
560,2020-01-23,105.78,107.47,104.92,107.06,417976
561,2020-01-22,106.64,107.28,106.16,106.3,585369
562,2020-01-21,106.79,107.06,103.65,106.09,1380682
563,2020-01-17,109.23,109.98,108.7,109.04,754010
564,2020-01-16,108.71,109.93,107.99,109.08,577764
565,2020-01-15,106.26,108.26,105.88,108.24,739901
566,2020-01-14,107.58,108.98,106.05,106.65,984089
567,2020-01-13,105.82,107.4,105.45,107.34,957416
568,2020-01-10,105.4,106.57,105.08,105.68,688943
569,2020-01-09,106.02,106.46,104.94,105.03,850534
570,2020-01-08,104.93,106.0,104.13,105.72,691723
571,2020-01-07,104.94,105.37,103.55,104.85,1285243
572,2020-01-06,108.77,109.0,105.9,105.97,1051048
573,2020-01-03,109.48,110.2,109.01,109.22,844722
574,2020-01-02,112.89,112.89,110.36,110.72,860809
575,2019-12-31,111.6,112.12,111.24,111.99,367263
576,2019-12-30,111.68,112.03,111.07,111.72,409334
577,2019-12-27,112.51,112.64,111.6,111.77,323530
578,2019-12-26,112.35,112.35,111.73,112.23,187950
579,2019-12-24,113.07,113.1,111.97,112.27,153927
580,2019-12-23,112.39,113.06,111.68,113.04,442310
581,2019-12-20,112.14,112.59,111.63,112.43,1990107
582,2019-12-19,111.81,112.63,111.14,111.67,644148
583,2019-12-18,112.14,112.26,111.3,111.78,526338
584,2019-12-17,110.3,112.72,110.3,112.31,808517
585,2019-12-16,112.12,112.18,109.72,110.01,1105519
586,2019-12-13,112.08,112.53,110.59,111.04,579313
587,2019-12-12,111.96,113.41,111.2,112.18,854473
588,2019-12-11,111.93,112.37,111.49,111.56,567927
589,2019-12-10,111.55,112.35,111.16,111.36,720638
590,2019-12-09,113.51,113.78,112.91,113.54,539803
591,2019-12-06,113.33,113.96,113.06,113.29,496254
592,2019-12-05,111.69,112.54,110.98,112.36,530919
593,2019-12-04,111.11,112.81,111.11,111.18,761373
594,2019-12-03,109.98,110.78,108.58,110.74,702222
595,2019-12-02,112.06,112.56,110.95,111.03,526957
596,2019-11-29,112.18,112.26,111.68,111.9,297790
597,2019-11-27,112.76,112.84,111.52,112.07,762971
598,2019-11-26,111.01,112.62,110.56,112.46,1136839
599,2019-11-25,111.2,112.84,110.72,111.86,518857
600,2019-11-22,111.23,111.77,110.23,110.87,451010
601,2019-11-21,111.91,112.11,110.36,110.67,555728
602,2019-11-20,113.44,113.44,111.61,112.12,483098
603,2019-11-19,113.79,113.83,112.84,113.68,547627
604,2019-11-18,113.0,113.76,112.21,113.67,543385
605,2019-11-15,113.05,113.35,112.19,112.65,485976
606,2019-11-14,112.49,113.6,112.15,112.92,570132
607,2019-11-13,113.49,113.72,112.61,112.77,651497
608,2019-11-12,113.67,114.78,112.88,113.71,437514
609,2019-11-11,113.27,114.12,113.01,113.65,440504
610,2019-11-08,112.81,113.95,112.25,113.9,683160
611,2019-11-07,112.86,113.44,111.75,112.95,642936
612,2019-11-06,113.13,113.13,111.4,112.36,556010
613,2019-11-05,112.23,113.68,111.93,113.23,920453
614,2019-11-04,111.98,112.55,110.79,112.06,946039
615,2019-11-01,110.4,111.36,109.67,111.31,586573
616,2019-10-31,110.28,111.09,108.39,109.46,618351
617,2019-10-30,111.35,111.39,109.36,110.43,752631
618,2019-10-29,111.76,112.7,111.04,111.58,555187
619,2019-10-28,111.36,112.72,111.36,112.51,849849
620,2019-10-25,108.46,111.16,108.46,110.93,558256
621,2019-10-24,109.43,110.26,105.52,108.52,1329278
622,2019-10-23,108.5,111.23,108.5,110.06,1275005
623,2019-10-22,108.43,109.47,107.91,108.58,637414
624,2019-10-21,109.22,109.87,108.3,108.49,732993
625,2019-10-18,106.11,108.59,106.11,108.22,624729
626,2019-10-17,106.99,107.65,106.01,106.41,677225
627,2019-10-16,107.18,108.15,106.6,106.82,708436
628,2019-10-15,107.5,107.95,107.04,107.16,473994
629,2019-10-14,109.26,109.26,107.22,107.26,789096
630,2019-10-11,107.43,110.35,107.37,109.32,1018380
631,2019-10-10,103.92,106.29,103.92,106.03,701150
632,2019-10-09,103.32,104.17,103.08,103.59,697651
633,2019-10-08,102.66,103.02,101.82,102.14,792886
634,2019-10-07,103.01,104.48,102.94,103.71,652744
635,2019-10-04,102.42,103.88,102.42,103.33,564775
636,2019-10-03,101.97,102.76,100.54,102.48,835036
637,2019-10-02,102.29,103.18,101.64,102.35,1278638
638,2019-10-01,107.0,107.02,102.67,102.79,521943
639,2019-09-30,105.26,106.42,105.26,106.1,633965
640,2019-09-27,105.05,106.1,104.79,105.6,526092
641,2019-09-26,105.45,105.45,103.56,104.54,477817
642,2019-09-25,103.33,105.53,103.04,105.31,662053
643,2019-09-24,104.38,104.55,102.9,103.3,617523
644,2019-09-23,102.25,104.12,101.38,103.73,561182
645,2019-09-20,103.59,104.26,102.43,102.84,964093
646,2019-09-19,104.86,105.14,103.06,103.33,682038
647,2019-09-18,104.73,105.33,103.57,104.68,621788
648,2019-09-17,104.49,105.29,102.99,105.02,784608
649,2019-09-16,107.54,107.54,105.65,105.87,598737
650,2019-09-13,107.7,109.37,107.34,108.37,790987
651,2019-09-12,107.88,108.05,106.07,107.03,788046
652,2019-09-11,104.24,108.63,104.24,108.09,1341482
653,2019-09-10,100.57,104.33,100.57,104.2,1011555
654,2019-09-09,101.34,102.01,100.19,100.52,892685
655,2019-09-06,100.78,101.08,99.79,100.61,840240
656,2019-09-05,100.96,101.37,100.28,100.53,848303
657,2019-09-04,99.49,100.16,98.98,100.14,607335
658,2019-09-03,99.44,99.63,97.99,98.5,476934
659,2019-08-30,100.8,101.83,100.2,100.58,617647
660,2019-08-29,99.58,100.48,99.35,100.08,519664
661,2019-08-28,97.23,99.0,96.66,98.5,538937
662,2019-08-27,99.32,99.8,97.18,97.66,920953
663,2019-08-26,99.0,99.46,98.13,98.89,574727
664,2019-08-23,100.41,100.99,97.62,98.09,690580
665,2019-08-22,101.45,101.84,100.46,101.12,445231
666,2019-08-21,101.34,101.85,100.91,101.25,678500
667,2019-08-20,102.32,102.48,100.62,100.85,773680
668,2019-08-19,102.35,102.79,101.49,102.48,577459
669,2019-08-16,100.74,102.24,100.55,101.28,863542
670,2019-08-15,99.85,100.35,99.01,99.99,673669
671,2019-08-14,99.94,101.15,99.02,99.56,1015579
672,2019-08-13,100.14,102.98,99.22,101.5,868509
673,2019-08-12,100.59,100.72,99.44,99.65,708100
674,2019-08-09,101.81,101.83,99.77,101.13,532232
675,2019-08-08,101.0,103.31,100.98,102.12,1259455
676,2019-08-07,98.98,100.51,98.45,100.5,706514
677,2019-08-06,100.27,100.62,99.38,100.15,905934
678,2019-08-05,99.82,100.39,99.03,99.6,1670871
679,2019-08-02,99.98,101.73,98.37,101.25,1092013
680,2019-08-01,101.17,102.48,99.12,100.08,766054
681,2019-07-31,102.97,102.97,100.32,100.97,1319764
682,2019-07-30,101.61,103.34,100.43,103.04,755025
683,2019-07-29,101.69,102.19,101.18,102.02,656716
684,2019-07-26,101.59,102.4,100.97,102.01,836921
685,2019-07-25,102.02,104.18,101.3,101.99,1181937
686,2019-07-24,100.82,102.9,100.82,102.24,952457
687,2019-07-23,100.1,101.77,99.92,101.26,928070
688,2019-07-22,100.1,100.1,98.65,99.46,760258
689,2019-07-19,98.75,100.32,98.16,99.9,890101
690,2019-07-18,97.46,98.67,97.12,98.34,794425
691,2019-07-17,99.52,99.52,96.78,97.99,1121173
692,2019-07-16,97.78,99.35,97.39,98.47,1891054
693,2019-07-15,98.33,98.33,96.32,97.12,1439569
694,2019-07-12,98.08,99.4,97.67,99.35,981301
695,2019-07-11,99.94,100.11,98.56,98.95,2111506
696,2019-07-10,100.32,101.26,99.58,100.05,1332118
697,2019-07-09,99.35,99.97,99.0,99.65,1793061
698,2019-07-08,99.4,100.66,99.05,99.49,1813542
699,2019-07-05,99.24,99.96,98.32,99.79,1505447
700,2019-07-03,97.39,100.1,97.3,99.98,1129574
701,2019-07-02,98.98,99.7,96.66,97.57,4854145
702,2019-07-01,96.91,97.76,96.3,97.65,1503469
703,2019-06-28,93.99,96.28,93.96,95.32,3026328
704,2019-06-27,92.45,94.1,92.27,93.96,925936
705,2019-06-26,92.5,93.25,92.33,92.4,1287073
706,2019-06-25,92.15,93.38,91.4,92.45,1014872
707,2019-06-24,94.1,94.68,91.84,92.23,882952
708,2019-06-21,95.03,96.39,94.32,95.33,1172523
709,2019-06-20,95.67,95.94,93.53,94.6,948571
710,2019-06-19,95.2,95.58,94.23,94.46,701719
711,2019-06-18,94.15,95.93,93.85,94.99,772586
712,2019-06-17,95.33,95.59,93.4,93.4,1061828
713,2019-06-14,96.41,96.41,94.2,95.32,485042
714,2019-06-13,95.6,96.76,95.5,96.27,929667
715,2019-06-12,95.4,95.93,94.82,95.55,429084
716,2019-06-11,95.66,96.65,94.96,95.45,686254
717,2019-06-10,96.32,96.8459,94.02,94.7,916896
718,2019-06-07,96.44,97.065,94.96,95.7,710682
719,2019-06-06,94.86,96.53,94.36,95.77,863842
720,2019-06-05,94.34,94.82,92.65,94.54,807663
721,2019-06-04,90.59,93.62,89.82,93.6,1573116
722,2019-06-03,88.68,91.85,87.87,90.79,1407087
723,2019-05-31,88.11,89.11,87.86,89.08,789673
724,2019-05-30,89.15,89.55,88.36,89.38,610256
725,2019-05-29,89.28,89.71,87.85,88.82,1293381
726,2019-05-28,90.87,91.4,89.52,89.68,774510
727,2019-05-24,91.04,91.76,90.04,91.01,434132
728,2019-05-23,91.62,91.62,89.58,90.13,827302
729,2019-05-22,94.86,96.13,92.05,92.09,1010258
730,2019-05-21,92.76,94.87,92.76,94.58,671629
731,2019-05-20,93.61,94.8,91.72,92.39,1017045
732,2019-05-17,96.36,97.58,95.41,96.84,494676
733,2019-05-16,97.49,98.87,97.22,97.3,494188
734,2019-05-15,97.18,97.89,96.29,97.03,497404
735,2019-05-14,96.72,98.08,96.66,97.18,460951
736,2019-05-13,96.14,96.73,95.11,96.27,675525
737,2019-05-10,97.47,98.41,96.22,97.9,573289
738,2019-05-09,97.47,98.22,96.54,97.94,615405
739,2019-05-08,98.85,99.5,97.84,98.45,497004
740,2019-05-07,98.84,99.33,97.9,99.08,717706
741,2019-05-06,98.88,100.22,98.24,99.94,593745
742,2019-05-03,99.53,101.02,99.53,100.6,448636
743,2019-05-02,97.33,99.13,96.85,98.94,596673
744,2019-05-01,99.15,99.49,97.02,97.48,636024
745,2019-04-30,99.16,99.32,97.07,99.16,695270
746,2019-04-29,99.51,99.78,98.22,98.91,648568
747,2019-04-26,97.43,99.49,96.1273,99.2,529692
748,2019-04-25,98.0,99.91,94.11,97.94,1400345
749,2019-04-24,98.73,99.39,98.3,98.81,804501
750,2019-04-23,97.74,99.14,96.93,98.52,988904
751,2019-04-22,97.04,98.67,96.55,97.64,1001051
752,2019-04-18,95.75,97.31,95.52,96.41,1038796
753,2019-04-17,97.97,98.29,95.03,95.36,1124774
754,2019-04-16,95.95,98.47,92.62,97.94,2525654
755,2019-04-15,103.0,103.5,100.87,101.51,606495
756,2019-04-12,102.39,103.8,102.37,103.33,682345
757,2019-04-11,101.44,102.75,100.77,101.51,793379
758,2019-04-10,100.95,101.79,100.28,101.49,602695
759,2019-04-09,101.36,101.76,100.01,100.83,584609
760,2019-04-08,102.17,102.19,100.76,101.66,717892
761,2019-04-05,101.27,102.97,100.78,102.2,1129078
762,2019-04-04,102.45,102.72,100.6,101.32,949729
763,2019-04-03,102.28,103.06,102.0,102.75,785855
764,2019-04-02,102.91,103.0,100.82,101.56,997545
765,2019-04-01,99.91,102.88,99.91,102.7,954503
766,2019-03-29,100.0,100.47,98.13,99.38,883711
767,2019-03-28,98.91,99.57,98.2,99.49,593877
768,2019-03-27,97.78,99.22,97.65,98.57,699259
769,2019-03-26,95.98,98.05,95.98,97.96,838881
770,2019-03-25,95.0,95.67,93.91,95.19,676216
771,2019-03-22,97.84,97.84,94.98,95.13,598113
772,2019-03-21,96.25,98.62,95.9,98.26,739636
773,2019-03-20,98.4,98.52,95.97,96.48,896312
774,2019-03-19,98.06,99.27,97.78,98.3,828598
775,2019-03-18,96.05,97.6,95.87,97.56,1171803
776,2019-03-15,98.02,98.44,95.83,96.18,2393399
777,2019-03-14,100.49,100.79,98.23,98.75,754566
778,2019-03-13,99.72,101.84,99.61,101.06,1139448
779,2019-03-12,97.85,99.75,97.79,99.2,1284211
780,2019-03-11,97.48,98.4,97.4,97.79,1165912
781,2019-03-08,96.8,97.5,96.12,97.4,617670
782,2019-03-07,98.78,98.98,96.44,97.64,733174
783,2019-03-06,99.3,99.85,98.78,99.05,1010639
784,2019-03-05,98.1,99.6,98.07,99.08,1068311
785,2019-03-04,96.85,98.39,96.24,98.34,1321138
786,2019-03-01,96.26,97.24,95.81,96.18,786895
787,2019-02-28,98.91,98.93,95.43,95.59,1091783
788,2019-02-27,99.54,99.67,98.49,99.05,503413
789,2019-02-26,99.46,100.79,99.21,99.59,685028
790,2019-02-25,99.05,100.4,98.53,99.51,776493
791,2019-02-22,98.98,99.5,97.8101,98.29,523759
792,2019-02-21,100.2,100.37,97.91,98.25,1026916
793,2019-02-20,98.26,100.94,97.94,100.72,893749
794,2019-02-19,98.14,98.85,97.45,98.44,861970
795,2019-02-15,98.18,98.8,97.83,98.47,574672
796,2019-02-14,97.28,98.19,97.16,97.36,656660
797,2019-02-13,97.6,98.7,97.6,97.74,737008
798,2019-02-12,94.7,97.45,94.55,97.2,886759
799,2019-02-11,95.39,95.73,93.39,93.92,874407
800,2019-02-08,94.32,95.18,93.32,95.15,690863
801,2019-02-07,95.24,95.72,93.59,94.84,633561
802,2019-02-06,95.66,96.87,95.66,96.04,838307
803,2019-02-05,94.49,96.05,93.93,96.0,1002656
804,2019-02-04,95.18,95.44,93.56,93.94,1170739
805,2019-02-01,94.86,95.43,93.68,95.18,998031
806,2019-01-31,92.74,95.06,91.85,94.32,1543320
807,2019-01-30,91.4,94.49,89.82,92.92,1589840
808,2019-01-29,93.75,94.24,92.86,93.92,1099196
809,2019-01-28,93.5,93.96,92.39,93.42,552906
810,2019-01-25,93.54,95.2,93.41,94.26,766089
811,2019-01-24,91.8,92.52,91.2,92.32,692634
812,2019-01-23,93.09,93.32,90.85,91.82,745895
813,2019-01-22,91.68,92.75,91.1,92.28,1206038
814,2019-01-18,90.78,92.62,90.77,91.9,1032578
815,2019-01-17,88.57,90.75,88.53,90.23,690766
816,2019-01-16,89.6,90.64,88.96,89.25,982783
817,2019-01-15,89.02,90.27,89.02,89.74,441478
818,2019-01-14,90.56,90.81,88.96,89.17,893554
819,2019-01-11,90.47,91.44,90.23,91.12,599864
820,2019-01-10,86.87,91.17,86.87,90.87,1147294
821,2019-01-09,88.37,88.37,85.52,87.22,1296057
822,2019-01-08,87.78,89.39,87.18,89.26,1152365
823,2019-01-07,86.03,87.9,85.41,87.02,1179222
824,2019-01-04,84.36,86.86,84.35,86.17,799895
825,2019-01-03,83.98,84.99,82.53,82.89,846732
826,2019-01-02,81.87,85.08,81.87,84.55,974504
827,2018-12-31,82.6,83.795,82.2,83.46,712734
828,2018-12-28,84.51,85.11,82.11,82.32,853555
829,2018-12-27,81.38,84.3,80.98,84.28,1032416
830,2018-12-26,78.52,82.75,77.94,82.64,1354390
831,2018-12-24,80.7,81.3,77.9,77.95,890442
832,2018-12-21,84.08,86.07,80.67,80.74,2645092
833,2018-12-20,85.27,86.5,83.59,84.43,867504
834,2018-12-19,86.84,88.83,85.27,85.71,1011802
835,2018-12-18,87.31,88.74,86.43,86.79,1520112
836,2018-12-17,91.97,92.02,85.91,86.74,1903217
837,2018-12-14,92.05,94.17,91.9,93.44,783710
838,2018-12-13,93.49,94.21,92.65,93.25,880585
839,2018-12-12,94.99,95.77,93.41,93.47,704608
840,2018-12-11,93.98,94.67,92.86,93.14,1068894
841,2018-12-10,92.8,93.38,90.53,92.5,519267
842,2018-12-07,95.31,96.78,92.54,92.95,714415
843,2018-12-06,94.14,95.42,93.11,95.35,925714
844,2018-12-04,97.35,98.18,95.03,95.97,826676
845,2018-12-03,100.0,101.29,97.16,98.04,1029988
846,2018-11-30,96.16,98.19,96.16,97.82,865558
847,2018-11-29,96.62,97.41,95.67,96.5,648542
848,2018-11-28,95.93,96.79,93.54,96.61,667724
849,2018-11-27,96.04,96.51,95.18,95.43,659073
850,2018-11-26,96.46,97.85,96.46,96.77,762518
851,2018-11-23,94.83,96.12,93.43,95.6,278864
852,2018-11-21,95.92,96.38,95.09,95.77,638712
853,2018-11-20,95.81,97.26,93.55,95.34,808118
854,2018-11-19,96.8,97.74,96.01,96.84,743229
855,2018-11-16,95.62,97.68,95.48,97.05,545680
856,2018-11-15,94.11,96.49,93.6,96.11,572537
857,2018-11-14,96.28,98.0,95.1,95.34,639260
858,2018-11-13,95.17,96.8,94.69,95.44,751923
859,2018-11-12,96.07,96.07,94.54,94.89,635512
860,2018-11-09,97.27,97.82,94.88,96.0,664782
861,2018-11-08,98.31,99.13,96.7,97.61,963561
862,2018-11-07,97.29,98.77,95.8,98.67,1154069
863,2018-11-06,96.03,97.85,96.02,96.57,1218108
864,2018-11-05,95.27,96.82,94.5,96.44,880775
865,2018-11-02,96.64,96.65,94.05,94.9,1188974
866,2018-11-01,92.82,96.25,92.34,95.86,1114993
867,2018-10-31,93.84,94.94,91.7,91.81,1463316
868,2018-10-30,89.57,93.49,89.4,92.96,1494096
869,2018-10-29,91.41,91.92,87.87,89.34,1638345
870,2018-10-26,87.66,91.48,86.23,90.39,1648137
871,2018-10-25,85.0,92.27,85.0,89.02,3145642
872,2018-10-24,87.18,87.87,83.54,83.7,1398758
873,2018-10-23,85.6,87.59,84.0,87.01,1195833
874,2018-10-22,88.05,88.22,85.57,86.78,2304151
875,2018-10-19,89.22,90.14,87.79,87.92,899020
876,2018-10-18,90.06,91.17,88.09,89.06,1214420
877,2018-10-17,90.51,90.96,89.45,90.91,1457930
878,2018-10-16,89.0,90.82,88.02,90.43,2135677
879,2018-10-15,87.68,88.65,87.62,88.34,2104546
880,2018-10-12,89.8,89.8,86.98,88.05,1888497
881,2018-10-11,89.0,90.6,88.21,88.36,3607358
882,2018-10-10,93.0,93.28,88.93,88.95,2555113
883,2018-10-09,98.85,98.85,92.57,93.14,3136500
884,2018-10-08,105.01,105.6,100.73,101.38,1133074
885,2018-10-05,106.82,108.15,105.46,105.63,916867
886,2018-10-04,106.11,107.27,105.75,106.76,1088320
887,2018-10-03,110.47,110.48,105.51,105.94,1067286
888,2018-10-02,110.3,110.62,109.51,109.89,975280
889,2018-10-01,110.33,110.52,109.33,109.98,701698
890,2018-09-28,110.57,111.16,109.5,109.69,614749
891,2018-09-27,111.83,112.3,110.44,110.54,458593
892,2018-09-26,112.95,113.24,111.05,111.57,824657
893,2018-09-25,116.48,116.48,112.9,113.03,648411
894,2018-09-24,116.1,116.3,114.13,115.89,978642
895,2018-09-21,118.45,118.45,116.05,116.69,1072282
896,2018-09-20,118.63,118.88,117.85,118.16,822883
897,2018-09-19,117.0,118.44,116.99,117.78,691588
898,2018-09-18,115.81,116.86,115.62,116.45,578003
899,2018-09-17,114.69,116.14,114.69,115.36,565139
900,2018-09-14,113.82,115.17,113.51,114.46,551915
901,2018-09-13,113.01,114.27,112.58,113.76,500111
902,2018-09-12,112.75,113.38,112.45,112.89,638781
903,2018-09-11,112.81,113.21,111.51,112.64,662699
904,2018-09-10,112.33,113.72,112.01,113.2,491388
905,2018-09-07,111.32,112.07,110.79,111.91,634328
906,2018-09-06,111.99,112.89,111.01,111.56,584900
907,2018-09-05,109.14,112.0,108.88,111.75,767472
908,2018-09-04,109.75,110.03,108.66,109.25,533050
909,2018-08-31,110.76,111.43,109.67,109.92,786768
910,2018-08-30,112.2,112.51,110.94,111.37,458241
911,2018-08-29,111.53,112.98,111.37,112.77,607432
912,2018-08-28,112.88,113.3,111.13,111.57,531543
913,2018-08-27,111.04,113.46,111.0,112.66,947537
914,2018-08-24,110.68,110.81,109.71,110.64,647548
915,2018-08-23,110.58,110.72,109.77,110.11,636186
916,2018-08-22,112.4,112.62,110.58,110.74,526049
917,2018-08-21,112.23,112.65,112.06,112.22,632951
918,2018-08-20,112.0,112.3,111.15,112.26,675252
919,2018-08-17,110.28,111.95,110.2,111.61,648276
920,2018-08-16,108.98,110.32,108.46,110.24,702664
921,2018-08-15,110.42,110.42,107.39,108.48,754672
922,2018-08-14,110.36,112.04,110.36,111.42,613549
923,2018-08-13,110.92,111.17,109.58,110.06,499345
924,2018-08-10,111.15,111.15,110.21,110.56,500941
925,2018-08-09,110.82,112.6,110.82,111.56,674056
926,2018-08-08,112.43,112.43,110.58,110.73,433512
927,2018-08-07,111.17,112.36,110.62,112.2,625828
928,2018-08-06,111.05,111.88,110.65,110.91,672732
929,2018-08-03,111.09,111.59,110.2,111.39,428102
930,2018-08-02,110.8,110.95,109.14,110.79,719439
931,2018-08-01,112.99,113.44,111.72,111.9,679553
932,2018-07-31,111.63,113.12,111.47,112.9,958972
933,2018-07-30,109.64,111.67,109.45,111.13,700670
934,2018-07-27,110.85,111.66,108.63,109.35,1065289
935,2018-07-26,114.75,114.75,109.38,111.02,1790090
936,2018-07-25,116.19,116.53,114.7,116.34,778948
937,2018-07-24,116.18,116.74,115.5,116.4,551076
938,2018-07-23,115.78,116.5,115.4,115.83,754245
939,2018-07-20,115.51,116.55,115.01,115.7,513824
940,2018-07-19,115.04,116.44,114.71,116.29,556415
941,2018-07-18,114.82,115.78,114.66,115.22,669542
942,2018-07-17,113.97,115.13,113.19,114.67,635752
943,2018-07-16,115.0,115.68,114.25,114.29,468042
944,2018-07-13,114.57,115.4,114.57,114.83,286636
945,2018-07-12,114.79,116.17,114.75,114.81,489404
946,2018-07-11,113.99,114.74,113.41,113.98,547099
947,2018-07-10,114.24,114.81,113.22,114.34,1142756
948,2018-07-09,113.93,114.59,113.49,114.36,864214
949,2018-07-06,112.53,113.78,112.05,113.28,498737
950,2018-07-05,113.68,113.68,111.39,112.72,577298
951,2018-07-03,112.93,113.83,112.33,112.82,546682
952,2018-07-02,111.07,112.42,110.25,112.37,653835
953,2018-06-29,112.37,113.46,111.79,111.79,412462
954,2018-06-28,112.8,112.83,110.91,112.08,421230
955,2018-06-27,114.86,115.49,112.72,112.78,547132
956,2018-06-26,115.0,115.14,113.94,114.62,487326
957,2018-06-25,115.19,115.31,113.94,114.92,780311
958,2018-06-22,115.11,116.32,114.63,115.28,1479728
959,2018-06-21,116.71,117.11,113.98,114.14,898666
960,2018-06-20,117.52,117.55,116.18,116.82,522056
961,2018-06-19,117.78,117.97,116.33,116.72,965544
962,2018-06-18,118.0,119.35,117.45,119.07,1039607
963,2018-06-15,119.06,119.53,116.82,119.03,1111825
964,2018-06-14,120.62,121.39,120.5,120.78,820318
965,2018-06-13,123.5,123.5,120.16,120.74,838787
966,2018-06-12,124.08,124.7,123.23,123.61,786645
967,2018-06-11,122.78,124.27,122.43,123.78,678708
968,2018-06-08,123.03,123.34,121.56,122.64,735633
969,2018-06-07,122.97,123.5,122.23,123.01,630337
970,2018-06-06,121.56,123.1,120.18,123.03,596367
971,2018-06-05,120.58,122.15,120.49,121.1,361211
972,2018-06-04,120.79,121.61,120.25,120.4,774784
973,2018-06-01,118.6,120.42,118.05,120.04,619854
974,2018-05-31,118.88,118.88,117.46,117.5,962260
975,2018-05-30,118.71,119.43,118.28,118.42,607011
976,2018-05-29,119.05,119.57,117.25,118.24,584796
977,2018-05-25,121.45,121.73,119.41,119.87,1014111
978,2018-05-24,122.42,122.86,121.5,121.87,596478
979,2018-05-23,122.62,122.91,121.26,122.43,838373
980,2018-05-22,122.3,123.96,122.12,122.8,988625
981,2018-05-21,121.61,122.42,121.01,122.3,523777
982,2018-05-18,120.22,121.7,119.67,121.18,751195
983,2018-05-17,118.81,120.65,118.81,120.33,945747
984,2018-05-16,115.21,119.3,115.02,119.04,815193
985,2018-05-15,116.17,116.2,114.38,114.93,687523
986,2018-05-14,116.99,117.34,116.11,116.72,324685
987,2018-05-11,116.38,117.44,115.96,116.62,477910
988,2018-05-10,115.53,116.5,115.04,116.21,318170
989,2018-05-09,114.25,115.88,113.62,115.45,614874
990,2018-05-08,114.3,114.6,113.18,113.76,637256
991,2018-05-07,114.33,114.69,112.9,114.1,591909
992,2018-05-04,113.04,115.14,112.44,114.15,591345
993,2018-05-03,111.71,114.45,111.36,113.68,1372669
994,2018-05-02,116.05,116.18,111.92,112.09,1086666
995,2018-05-01,115.26,116.53,113.51,116.33,887077
996,2018-04-30,116.39,117.06,115.28,115.69,923935
997,2018-04-27,117.02,117.53,115.63,116.3,953322
998,2018-04-26,118.23,118.7,116.71,117.2,1023923
999,2018-04-25,114.84,118.35,112.62,117.91,1190922
1000,2018-04-24,118.13,118.62,112.56,114.0,998108
1001,2018-04-23,116.3,117.45,116.3,117.31,886028
1002,2018-04-20,116.41,116.92,115.55,116.13,672340
1003,2018-04-19,116.09,116.8,115.29,116.19,524179
1004,2018-04-18,116.58,117.36,115.67,116.18,507226
1005,2018-04-17,114.62,116.18,114.0,115.91,614047
1006,2018-04-16,114.52,115.17,113.6,113.92,544734
1007,2018-04-13,114.21,114.28,112.98,113.54,350156
1008,2018-04-12,113.27,113.98,112.85,113.37,576168
1009,2018-04-11,112.88,113.52,111.59,112.68,348623
1010,2018-04-10,112.52,114.6,112.01,113.8,517872
1011,2018-04-09,110.86,112.83,110.28,111.04,716123
1012,2018-04-06,111.91,112.37,109.42,110.14,594348
1013,2018-04-05,113.26,114.38,112.98,113.16,750561
1014,2018-04-04,110.15,112.69,109.65,112.32,574654
1015,2018-04-03,110.23,112.24,109.7,111.9,693875
1016,2018-04-02,111.91,112.84,107.96,109.93,973960
1017,2018-03-29,112.05,113.84,111.45,112.7,676186
1018,2018-03-28,112.62,113.13,110.88,111.18,721492
1019,2018-03-27,115.03,115.03,111.77,112.32,581769
1020,2018-03-26,109.35,114.5,109.35,114.34,1075107
1021,2018-03-23,113.32,113.32,109.04,109.2,734075
1022,2018-03-22,116.3,116.85,112.91,112.98,644278
1023,2018-03-21,116.51,119.06,115.74,117.65,558479
1024,2018-03-20,117.15,117.66,115.42,116.51,712194
1025,2018-03-19,118.3,118.98,115.96,116.66,585574
1026,2018-03-16,117.66,119.33,116.65,118.51,2722801
1027,2018-03-15,118.73,119.04,116.94,117.59,575326
1028,2018-03-14,120.35,120.35,118.09,118.52,505537
1029,2018-03-13,120.45,121.97,119.92,120.23,492355
1030,2018-03-12,119.86,121.1,119.45,120.06,699772
1031,2018-03-09,117.56,120.31,116.89,119.86,1212345
1032,2018-03-08,118.09,118.26,116.01,116.68,632735
1033,2018-03-07,117.73,119.22,116.88,117.99,626102
1034,2018-03-06,117.54,120.17,117.34,119.07,834408
1035,2018-03-05,116.63,118.2,116.37,116.93,618380
1036,2018-03-02,117.7,118.21,115.49,117.32,674020
1037,2018-03-01,119.51,119.97,117.38,118.59,785601
1038,2018-02-28,120.65,121.88,119.19,119.2,655040
1039,2018-02-27,121.59,122.18,120.22,120.22,377633
1040,2018-02-26,120.0,121.77,119.52,121.74,842025
1041,2018-02-23,119.65,119.75,118.2,119.36,449235
1042,2018-02-22,119.95,120.8,118.52,118.77,492799
1043,2018-02-21,119.3,121.64,118.9,119.22,615364
1044,2018-02-20,118.51,119.92,118.0,118.86,702146
1045,2018-02-16,117.64,120.01,117.28,119.37,811256
1046,2018-02-15,116.69,118.14,114.9,117.93,1051257
1047,2018-02-14,115.17,116.35,114.56,115.99,707597
1048,2018-02-13,116.26,116.64,115.46,116.03,458004
1049,2018-02-12,115.41,117.24,114.15,116.69,778402
1050,2018-02-09,113.08,114.4,110.28,113.76,828676
1051,2018-02-08,116.79,116.8,111.9,111.95,1122609
1052,2018-02-07,118.55,119.91,117.13,117.13,987448
1053,2018-02-06,114.44,119.27,114.44,118.96,1470257
1054,2018-02-05,121.86,122.5,115.0,117.13,1131374
1055,2018-02-02,123.14,123.59,121.8,123.1,993855
1056,2018-02-01,125.3,125.3,122.45,123.54,1651115
1057,2018-01-31,125.08,125.94,119.28,125.63,2235135
1058,2018-01-30,125.44,126.02,124.05,124.71,1055238
1059,2018-01-29,128.8,128.82,125.89,125.97,735678
1060,2018-01-26,126.27,131.13,124.69,126.93,1287138
1061,2018-01-25,126.21,127.31,125.36,125.63,783099
1062,2018-01-24,126.99,128.02,125.52,126.2,610289
1063,2018-01-23,126.81,127.24,125.03,126.48,652415
1064,2018-01-22,127.8,127.88,126.43,127.25,605256
1065,2018-01-19,126.69,127.69,126.47,127.56,714276
1066,2018-01-18,126.6,127.23,126.03,126.11,524960
1067,2018-01-17,126.61,127.37,125.6,126.76,565762
1068,2018-01-16,128.79,129.04,125.29,125.88,699920
1069,2018-01-12,129.38,129.38,127.71,128.32,535861
1070,2018-01-11,128.39,129.28,127.36,129.24,323827
1071,2018-01-10,127.94,128.41,127.33,128.0,484516
1072,2018-01-09,129.77,129.92,127.62,127.9,982369
1073,2018-01-08,129.13,130.19,128.71,129.58,593228
1074,2018-01-05,128.7,129.1,127.73,128.47,672195
1075,2018-01-04,126.22,129.15,126.15,128.08,1065238
1076,2018-01-03,123.82,126.58,123.64,125.98,874362
1077,2018-01-02,121.47,123.78,121.11,123.61,814512
1078,2017-12-29,121.2,121.38,120.31,120.55,443262
1079,2017-12-28,120.67,120.99,119.47,120.92,350448
1080,2017-12-27,120.23,121.06,119.66,120.54,432671
1081,2017-12-26,120.09,120.88,119.69,120.1,380849
1082,2017-12-22,119.93,120.36,119.04,120.09,405270
1083,2017-12-21,120.56,121.11,119.95,120.3,503316
1084,2017-12-20,119.42,120.18,118.92,119.74,919192
1085,2017-12-19,117.41,119.92,117.33,118.84,804351
1086,2017-12-18,115.65,117.33,115.65,117.04,622345
1087,2017-12-15,114.86,116.27,114.18,115.27,1641771
1088,2017-12-14,117.38,117.46,114.87,114.89,919492
1089,2017-12-13,116.71,117.73,116.71,116.98,604143
1090,2017-12-12,117.99,117.99,116.82,116.96,565946
1091,2017-12-11,118.13,118.7,116.3,118.13,663354
1092,2017-12-08,118.23,119.06,117.76,118.34,587599
1093,2017-12-07,117.15,118.53,116.82,117.96,634829
1094,2017-12-06,117.9,118.47,117.16,117.34,520935
1095,2017-12-05,118.44,118.805,117.38,117.76,668504
1096,2017-12-04,118.41,119.94,117.85,118.91,876707
1097,2017-12-01,118.53,118.54,114.41,117.4,932395
1098,2017-11-30,115.2,118.98,115.1,118.6,1333269
1099,2017-11-29,112.97,115.21,112.71,115.09,665335
1100,2017-11-28,111.79,112.98,111.18,112.95,532246
1101,2017-11-27,111.5,112.58,111.05,111.42,544718
1102,2017-11-24,112.48,112.82,111.47,111.47,177969
1103,2017-11-22,112.21,112.56,111.565,112.07,467594
1104,2017-11-21,112.43,113.13,111.98,112.04,609945
1105,2017-11-20,112.01,113.01,111.541,111.77,664385
1106,2017-11-17,111.42,112.86,111.11,112.47,437380
1107,2017-11-16,111.58,112.6,111.47,111.87,632358
1108,2017-11-15,112.05,113.09,111.46,111.85,667083
1109,2017-11-14,111.91,113.44,111.66,112.71,456757
1110,2017-11-13,110.19,112.73,109.67,112.36,1052857
1111,2017-11-10,109.41,110.62,109.29,110.27,913648
1112,2017-11-09,110.61,111.1,108.49,109.23,1183163
1113,2017-11-08,111.0,111.58,110.53,111.41,883439
1114,2017-11-07,110.78,111.9524,109.86,111.35,783580
1115,2017-11-06,115.7,115.71,110.63,110.96,1735655
1116,2017-11-03,116.1,116.84,115.61,115.74,512971
1117,2017-11-02,116.09,117.2,115.59,116.21,706273
1118,2017-11-01,117.11,117.546,116.06,116.57,866324
1119,2017-10-31,115.9,116.88,115.11,116.27,423842
1120,2017-10-30,116.2,116.945,115.33,115.57,708149
1121,2017-10-27,117.8,118.015,111.65,116.93,1456689
1122,2017-10-26,117.0,120.75,116.51,118.58,912790
1123,2017-10-25,118.94,119.28,116.9,118.115,590204
1124,2017-10-24,119.4,119.57,117.86,118.63,756178
1125,2017-10-23,118.84,118.99,118.09,118.14,546147
1126,2017-10-20,117.26,118.38,116.98,118.36,596227
1127,2017-10-19,116.15,116.74,115.69,116.6,386285
1128,2017-10-18,116.91,117.24,116.08,116.42,792639
1129,2017-10-17,117.07,117.61,116.52,116.75,679960
1130,2017-10-16,115.97,117.05,115.6,117.0,694979
1131,2017-10-13,115.29,116.07,115.13,115.69,771589
1132,2017-10-12,116.92,116.92,115.385,115.5,788973
1133,2017-10-11,117.58,117.78,116.3,116.7,580698
1134,2017-10-10,116.88,117.65,116.55,117.47,341853
1135,2017-10-09,116.8,117.11,116.01,116.72,383804
1136,2017-10-06,116.75,117.82,116.33,116.5,527777
1137,2017-10-05,117.38,117.39,116.31,117.06,768863
1138,2017-10-04,117.3,117.96,116.805,117.33,655706
1139,2017-10-03,117.27,117.88,116.461,117.27,544730
1140,2017-10-02,114.45,117.06,114.45,116.85,681286
1141,2017-09-29,115.09,115.14,113.89,114.68,827676
1142,2017-09-28,115.06,116.19,114.58,115.61,874097
1143,2017-09-27,114.87,115.87,114.24,115.29,689924
1144,2017-09-26,114.07,115.12,113.9,114.32,598902
1145,2017-09-25,115.78,116.1,112.2,113.9,975715
1146,2017-09-22,118.5,118.79,115.21,116.21,1079017
1147,2017-09-21,119.19,119.31,118.52,118.8,411227
1148,2017-09-20,117.26,119.43,117.25,119.28,860197
1149,2017-09-19,116.22,117.55,115.325,117.26,1061852
1150,2017-09-18,116.21,117.19,115.91,116.22,1092825
1151,2017-09-15,115.56,116.08,114.5,115.88,2177654
1152,2017-09-14,115.54,116.04,114.85,115.8,861011
1153,2017-09-13,117.66,117.96,115.68,116.6,1224965
1154,2017-09-12,117.9,118.97,117.09,118.27,1182469
1155,2017-09-11,114.43,117.4599,113.81,116.8,1479133
1156,2017-09-08,112.41,114.44,112.23,113.79,724773
1157,2017-09-07,111.74,112.86,111.1435,112.28,602890
1158,2017-09-06,112.09,112.69,110.7,111.63,525822
1159,2017-09-05,113.42,113.69,111.46,111.89,678034
1160,2017-09-01,112.71,113.625,112.71,113.45,434542
1161,2017-08-31,111.34,112.77,111.18,112.41,828020
1162,2017-08-30,108.54,111.17,108.54,111.14,660180
1163,2017-08-29,108.59,108.82,108.0,108.5,642926
1164,2017-08-28,110.46,110.72,108.92,109.06,554581
1165,2017-08-25,110.55,110.99,109.87,110.36,521562
1166,2017-08-24,109.45,110.4,109.14,110.12,609474
1167,2017-08-23,108.34,109.89,108.11,109.16,557136
1168,2017-08-22,106.59,108.91,106.59,108.79,838467
1169,2017-08-21,109.78,109.78,106.49,106.51,983038
1170,2017-08-18,110.27,110.97,109.72,109.99,723595
1171,2017-08-17,111.1,111.5,110.33,110.57,695950
1172,2017-08-16,109.99,111.63,109.99,111.44,697413
1173,2017-08-15,109.25,110.21,108.73,109.29,794207
1174,2017-08-14,108.37,109.89,108.08,109.13,732137
1175,2017-08-11,107.15,108.04,106.9,107.52,1532275
1176,2017-08-10,109.48,109.81,107.16,107.33,725083
1177,2017-08-09,109.61,110.15,108.92,109.17,750875
1178,2017-08-08,109.84,110.46,109.27,109.62,995676
1179,2017-08-07,109.36,110.12,108.91,109.42,764286
1180,2017-08-04,110.45,110.78,108.8,109.08,938062
1181,2017-08-03,110.11,111.35,109.64,110.08,702821
1182,2017-08-02,109.64,110.54,108.8,110.23,735303
1183,2017-08-01,109.71,110.43,108.84,110.05,988745
1184,2017-07-31,110.3,110.7,109.1,109.48,1150082
1185,2017-07-28,110.62,111.49,109.03,109.77,2008335
1186,2017-07-27,107.76,112.33,105.81,110.55,1473014
1187,2017-07-26,108.75,109.64,107.51,108.8,2116244
1188,2017-07-25,109.66,109.71,108.25,108.58,22574355
1189,2017-07-24,110.55,110.78,108.92,108.99,1464986
1190,2017-07-21,110.21,110.5699,108.75,109.46,1155206
1191,2017-07-20,111.96,111.96,109.53,110.46,1545834
1192,2017-07-19,112.04,112.52,111.765,112.28,731336
1193,2017-07-18,112.21,112.47,111.04,111.51,805951
1194,2017-07-17,112.71,113.25,111.94,112.84,516814
1195,2017-07-14,113.46,113.58,112.98,113.11,357649
1196,2017-07-13,112.51,114.31,112.48,113.31,833308
1197,2017-07-12,112.08,112.76,111.065,111.84,552255
1198,2017-07-11,112.71,112.71,110.77,111.29,671075
1199,2017-07-10,110.29,113.43,110.0102,112.46,974473
1200,2017-07-07,110.99,111.47,110.72,110.92,696456
1201,2017-07-06,111.42,111.92,110.61,110.84,498120
1202,2017-07-05,112.24,112.92,111.3,111.89,546401
1203,2017-07-03,111.71,113.06,111.36,112.11,271102
1204,2017-06-30,112.14,112.235,110.78,111.39,841954
1205,2017-06-29,112.97,112.97,110.85,111.55,1109140
1206,2017-06-28,111.23,113.52,111.03,112.77,936423
1207,2017-06-27,110.99,111.34,110.46,110.61,1145419
1208,2017-06-26,110.0,111.41,109.57,111.08,977592
1209,2017-06-23,107.87,109.55,107.31,109.43,1172028
1210,2017-06-22,107.92,108.09,107.05,107.73,483622
1211,2017-06-21,107.97,108.22,107.15,107.71,438072
1212,2017-06-20,108.18,108.42,107.37,107.9,492508
1213,2017-06-19,108.56,108.895,107.58,108.3,574747
1214,2017-06-16,105.56,107.69,105.44,107.57,991783
1215,2017-06-15,104.73,106.33,104.294,105.37,470152
1216,2017-06-14,106.58,106.58,104.53,104.95,503833
1217,2017-06-13,104.67,105.81,104.4,105.76,441600
1218,2017-06-12,104.8,105.77,104.66,105.2,780749
1219,2017-06-09,104.39,105.77,104.025,104.95,564723
1220,2017-06-08,103.59,104.18,102.97,103.77,418247
1221,2017-06-07,103.47,104.47,103.32,103.75,625293
1222,2017-06-06,104.07,104.64,102.89,103.37,526330
1223,2017-06-05,104.2,104.8,103.96,104.09,568579
1224,2017-06-02,103.96,104.88,103.66,104.2,359062
1225,2017-06-01,102.25,104.06,102.11,104.0,355382
1226,2017-05-31,102.67,102.78,101.56,102.16,745525
1227,2017-05-30,102.02,102.85,101.545,102.32,373913
1228,2017-05-26,101.98,102.42,101.41,102.18,331693
1229,2017-05-25,101.65,102.74,101.51,101.97,357230
1230,2017-05-24,100.19,101.7,100.15,101.62,555043
1231,2017-05-23,100.09,100.29,99.25,100.0,605591
1232,2017-05-22,99.6,100.365,99.23,99.91,674595
1233,2017-05-19,99.22,99.9,99.0,99.35,855391
1234,2017-05-18,99.99,100.04,98.1,99.22,797090
1235,2017-05-17,101.75,101.99,100.5,100.55,501336
1236,2017-05-16,103.11,103.17,101.75,102.89,500833
1237,2017-05-15,102.31,103.1558,102.15,102.88,529416
1238,2017-05-12,101.94,102.38,101.62,102.32,429659
1239,2017-05-11,102.49,102.72,101.92,102.49,585960
1240,2017-05-10,100.49,102.83,100.46,102.69,605641
1241,2017-05-09,101.32,101.62,100.53,100.6,464182
1242,2017-05-08,102.1,102.42,100.77,101.31,578042
1243,2017-05-05,100.96,102.5,100.51,102.2,946498
1244,2017-05-04,98.97,100.92,98.89,100.52,821511
1245,2017-05-03,98.6,98.93,98.31,98.91,818734
1246,2017-05-02,98.67,99.23,98.49,98.78,435459
1247,2017-05-01,98.96,99.39,98.22,98.63,645796
1248,2017-04-28,100.25,100.275,98.5,98.78,1048568
1249,2017-04-27,99.25,101.01,97.79,100.24,1267998
1250,2017-04-26,94.65,95.52,93.74,94.54,617174
1251,2017-04-25,94.92,95.5,94.05,94.36,521033
1252,2017-04-24,95.0,95.25,93.9,94.08,760865
1253,2017-04-21,94.01,94.16,93.32,93.73,514720
1254,2017-04-20,93.85,94.79,93.75,93.84,658885
1255,2017-04-19,93.19,94.21,92.59,93.61,731308
1256,2017-04-18,91.89,93.64,91.72,92.48,705866
1257,2017-04-17,90.59,91.37,90.28,91.31,563085
1258,2017-04-13,90.16,90.5,89.74,90.02,714503
1259,2017-04-12,91.06,91.22,89.73,90.18,588942
1260,2017-04-11,90.97,91.22,90.52,91.01,584063
1261,2017-04-10,91.33,91.63,90.44,91.0,662392
1262,2017-04-07,91.45,91.969,90.76,91.04,774348
1263,2017-04-06,90.77,92.25,90.515,91.77,487036
1264,2017-04-05,91.4,92.1723,90.76,90.82,467290
1265,2017-04-04,90.43,91.58,90.2961,91.16,808270
1266,2017-04-03,91.7,92.09,90.14,90.79,608890
1267,2017-03-31,90.9,92.26,90.58,91.62,739553
1268,2017-03-30,90.12,91.3,90.12,91.11,555621
1269,2017-03-29,90.5,90.91,89.83,90.05,611513
1270,2017-03-28,88.91,91.42,88.8,90.81,848626
1271,2017-03-27,89.33,89.6,88.47,89.21,1121764
1272,2017-03-24,91.79,92.11,89.83,90.41,754364
1273,2017-03-23,92.12,93.25,91.65,92.44,431706
1274,2017-03-22,91.66,92.21,91.0,92.12,1077648
1275,2017-03-21,94.56,95.0,90.97,91.54,687369
1276,2017-03-20,92.73,94.56,92.0601,94.41,755251
1277,2017-03-17,92.48,92.9,92.13,92.36,2332359
1278,2017-03-16,93.36,93.39,92.13,92.41,686159
1279,2017-03-15,91.92,93.44,91.87,92.9,827357
1280,2017-03-14,91.73,92.4699,91.33,91.85,588440
1281,2017-03-13,92.33,92.33,91.57,92.02,737341
1282,2017-03-10,93.34,94.13,92.02,92.18,770187
1283,2017-03-09,92.97,93.36,92.24,92.78,673225
1284,2017-03-08,92.83,93.61,92.645,92.97,796095
1285,2017-03-07,92.5,93.1,91.655,92.45,1178920
1286,2017-03-06,93.64,93.92,91.55,92.34,741330
1287,2017-03-03,93.84,94.16,92.96,93.74,674808
1288,2017-03-02,93.75,93.9,93.12,93.5,866311
1289,2017-03-01,93.35,93.95,92.845,93.75,1132286
1290,2017-02-28,93.42,93.99,92.1801,92.43,971606
1291,2017-02-27,93.45,94.19,93.15,93.66,706180
1292,2017-02-24,93.68,94.15,92.94,93.45,614803
1293,2017-02-23,94.8,95.215,93.35,93.99,783293
1294,2017-02-22,95.39,95.6399,93.65,94.0,1246061
1295,2017-02-21,95.2,96.0,94.885,95.81,722761
1296,2017-02-17,96.04,96.5912,94.43,95.26,786351
1297,2017-02-16,95.93,96.73,95.58,96.62,778909
1298,2017-02-15,95.43,96.13,95.255,95.46,704554
1299,2017-02-14,94.42,95.39,94.27,95.14,426373
1300,2017-02-13,94.43,96.04,93.7,94.87,1000536
1301,2017-02-10,93.84,94.5,92.76,94.09,588981
1302,2017-02-09,93.96,93.96,91.4,93.75,1159852
1303,2017-02-08,95.09,95.37,90.95,94.18,3162136
1304,2017-02-07,94.14,96.54,93.85,95.08,1119534
1305,2017-02-06,92.6,94.43,89.83,94.2,1201808
1306,2017-02-03,94.25,94.95,93.71,94.22,723452
1307,2017-02-02,92.87,93.45,91.0705,93.37,959318
1308,2017-02-01,91.97,93.62,91.05,93.1,1190258
1309,2017-01-31,94.83,96.87,90.93,92.18,2027667
1310,2017-01-30,93.5,93.5,91.48,91.82,1286420
1311,2017-01-27,94.3,94.69,93.3304,93.58,713233
1312,2017-01-26,94.63,94.94,93.27,94.02,878552
1313,2017-01-25,95.5,95.5,93.01,94.7,1152529
1314,2017-01-24,88.94,92.27,88.82,92.08,1358509
1315,2017-01-23,86.44,88.46,86.41,88.33,669016
1316,2017-01-20,86.17,86.97,85.76,86.05,736277
1317,2017-01-19,86.7,87.62,85.355,85.76,410238
1318,2017-01-18,85.83,86.92,85.3678,86.66,561750
1319,2017-01-17,86.82,86.82,85.4,85.67,661858
1320,2017-01-13,86.96,88.02,86.6108,87.22,438779
1321,2017-01-12,88.1,88.7971,85.99,86.88,654448
1322,2017-01-11,88.06,89.28,87.88,88.52,566231
1323,2017-01-10,87.7,88.58,87.36,87.98,861677
1324,2017-01-09,86.9,88.47,86.34,87.77,1083893
1325,2017-01-06,85.37,87.45,85.15,87.2,773456
1326,2017-01-05,86.37,87.04,84.68,85.33,605185
1327,2017-01-04,85.44,86.44,85.05,86.37,925849
1328,2017-01-03,85.16,85.9,84.01,85.0,1053646
1329,2016-12-30,85.49,85.5739,84.28,84.82,372647
1330,2016-12-29,85.15,85.59,84.61,85.06,550087
1331,2016-12-28,87.12,87.22,84.98,85.19,394687
1332,2016-12-27,86.78,87.01,86.45,86.66,578931
1333,2016-12-23,85.96,86.62,85.77,86.48,281619
1334,2016-12-22,86.53,86.8499,85.43,85.98,377200
1335,2016-12-21,86.23,87.01,85.99,86.51,802106
1336,2016-12-20,87.0,87.0,86.11,86.72,582955
1337,2016-12-19,86.27,87.0,86.18,86.75,982967
1338,2016-12-16,86.59,87.25,86.3,86.46,1605814
1339,2016-12-15,86.24,87.45,86.02,86.53,1426257
1340,2016-12-14,86.81,87.49,85.83,86.16,769936
1341,2016-12-13,86.31,87.06,85.6401,86.59,588160
1342,2016-12-12,87.68,88.13,86.0,86.48,874132
1343,2016-12-09,87.35,88.03,86.93,87.38,711985
1344,2016-12-08,87.46,88.02,87.08,87.33,957234
1345,2016-12-07,87.18,88.41,86.91,87.29,1183108
1346,2016-12-06,87.55,87.6399,86.02,86.94,688448
1347,2016-12-05,87.82,88.29,86.99,87.15,915711
1348,2016-12-02,85.27,87.12,85.02,87.07,980691
1349,2016-12-01,84.94,85.55,84.7,85.19,856417
1350,2016-11-30,85.83,85.89,84.72,84.76,768660
1351,2016-11-29,85.11,86.2,84.85,85.64,772454
1352,2016-11-28,85.05,85.65,84.87,85.4,891183
1353,2016-11-25,84.89,85.5,84.85,85.43,411750
1354,2016-11-23,84.64,85.6099,84.52,84.72,798122
1355,2016-11-22,86.45,86.5,84.15,84.67,1374613
1356,2016-11-21,86.82,87.0,85.8,86.29,883420
1357,2016-11-18,86.77,87.75,86.3553,87.51,636503
1358,2016-11-17,86.21,87.65,85.3,86.78,848157
1359,2016-11-16,86.25,87.38,85.66,85.72,679025
1360,2016-11-15,85.45,86.12,84.24,85.92,762655
1361,2016-11-14,83.14,86.16,83.14,85.97,1378473
1362,2016-11-11,82.0,82.69,81.547,82.6,744378
1363,2016-11-10,82.89,83.94,82.08,82.12,699870
1364,2016-11-09,79.34,82.77,79.24,82.27,887047
1365,2016-11-08,78.86,80.48,78.86,80.14,688501
1366,2016-11-07,79.98,80.35,78.42,79.34,1010406
1367,2016-11-04,78.58,79.93,78.03,79.07,885874
1368,2016-11-03,79.5,79.69,78.58,78.67,913528
1369,2016-11-02,80.08,80.89,79.7,79.73,632263
1370,2016-11-01,82.63,82.96,79.94,80.33,799807
1371,2016-10-31,81.69,82.64,81.6665,82.5,918019
1372,2016-10-28,80.95,82.59,80.95,81.51,698713
1373,2016-10-27,80.8,80.98,80.01,80.97,918136
1374,2016-10-26,80.49,81.71,80.11,81.05,593892
1375,2016-10-25,82.28,82.32,80.47,80.88,1123302
1376,2016-10-24,82.74,84.4,82.43,82.64,1422535
1377,2016-10-21,80.55,82.11,79.92,81.54,903063
1378,2016-10-20,84.49,85.0,80.62,81.13,1624518
1379,2016-10-19,84.36,85.55,83.42,85.54,1140658
1380,2016-10-18,84.72,85.4,83.7,83.77,1548034
1381,2016-10-17,83.5,84.69,82.94,83.33,993789
1382,2016-10-14,81.78,83.13,81.7779,82.6,797535
1383,2016-10-13,81.53,81.74,80.04,81.35,675639
1384,2016-10-12,81.09,82.88,81.0,82.28,791540
1385,2016-10-11,81.12,81.23,79.92,80.61,631008
1386,2016-10-10,81.03,81.7,80.53,81.45,636682
1387,2016-10-07,80.83,81.1,79.82,80.62,851449
1388,2016-10-06,79.19,81.66,79.19,81.02,901452
1389,2016-10-05,81.35,81.68,78.2,79.29,1230248
1390,2016-10-04,81.29,81.77,80.25,80.83,727483
1391,2016-10-03,81.39,81.74,80.915,81.09,654972
1392,2016-09-30,80.25,81.68,79.99,81.26,755067
1393,2016-09-29,81.31,81.54,79.3,79.72,833117
1394,2016-09-28,81.3,81.79,80.31,81.66,609564
1395,2016-09-27,81.9,82.0,80.11,80.76,1143196
1396,2016-09-26,81.66,82.4,81.62,81.98,1001968
1397,2016-09-23,82.44,82.77,81.34,82.29,931683
1398,2016-09-22,80.81,81.4,80.0,80.64,947455
1399,2016-09-21,80.18,81.79,80.09,81.66,569618
1400,2016-09-20,80.78,81.099,79.65,79.77,377250
1401,2016-09-19,80.81,81.54,80.265,80.4,543013
1402,2016-09-16,79.84,82.06,79.74,80.06,1318965
1403,2016-09-15,78.86,80.36,78.86,80.03,601689
1404,2016-09-14,79.12,79.64,78.07,78.63,473755
1405,2016-09-13,79.58,80.59,78.27,79.16,937492
1406,2016-09-12,78.61,80.835,78.26,80.42,732100
1407,2016-09-09,80.29,80.34,78.87,78.91,883957
1408,2016-09-08,80.75,81.775,80.47,80.86,725508
1409,2016-09-07,80.45,81.3199,79.97,81.31,779926
1410,2016-09-06,80.24,80.79,79.99,80.55,727472
1411,2016-09-02,79.54,79.8,78.932,79.67,749709
1412,2016-09-01,78.78,79.42,78.345,78.94,923475
1413,2016-08-31,79.42,79.43,77.77,78.63,931217
1414,2016-08-30,79.0,79.65,78.34,79.42,631345
1415,2016-08-29,79.4,79.92,78.78,78.91,655811
1416,2016-08-26,78.78,80.25,77.73,79.36,1464847
1417,2016-08-25,76.02,79.16,75.7,78.69,1831972
1418,2016-08-24,77.09,77.48,75.88,76.01,565734
1419,2016-08-23,77.0,77.73,76.79,77.09,456673
1420,2016-08-22,76.94,77.19,74.95,76.51,960544
1421,2016-08-19,77.13,77.97,76.61,77.79,554145
1422,2016-08-18,77.32,77.7,76.8501,77.64,637693
1423,2016-08-17,77.09,77.4,76.6,77.27,482351
1424,2016-08-16,76.27,77.4,76.2,76.86,741184
1425,2016-08-15,76.27,76.89,75.94,75.97,768479
1426,2016-08-12,76.88,76.99,76.02,76.16,791252
1427,2016-08-11,76.75,77.4,76.22,76.96,608342
1428,2016-08-10,75.69,77.29,75.5399,76.33,832245
1429,2016-08-09,74.81,75.65,74.801,75.5,647683
1430,2016-08-08,74.48,75.13,74.11,74.62,707044
1431,2016-08-05,74.84,75.59,74.57,74.63,535145
1432,2016-08-04,74.32,75.44,74.21,74.25,716861
1433,2016-08-03,73.68,74.46,73.34,74.04,538676
1434,2016-08-02,74.43,74.43,73.44,73.82,675460
1435,2016-08-01,74.76,74.98,73.7,74.43,798968
1436,2016-07-29,74.67,75.0,74.08,74.69,712171
1437,2016-07-28,75.11,75.46,74.23,74.92,523944
1438,2016-07-27,75.5,75.85,74.48,75.08,625994
1439,2016-07-26,74.26,75.5,73.99,75.3,996197
1440,2016-07-25,74.38,74.59,73.6,74.03,439855
1441,2016-07-22,73.82,74.53,73.405,74.34,752580
1442,2016-07-21,75.25,76.0,73.75,73.81,1717025
1443,2016-07-20,73.41,74.25,73.1,73.78,840696
1444,2016-07-19,73.52,73.79,72.8,73.17,718749
1445,2016-07-18,73.41,73.75,72.65,73.67,825141
1446,2016-07-15,72.33,75.08,72.33,74.03,1376660
1447,2016-07-14,71.61,72.0,71.36,71.83,819270
1448,2016-07-13,71.15,71.15,70.3,70.98,486407
1449,2016-07-12,70.3,71.09,70.02,70.64,831464
1450,2016-07-11,70.43,70.83,69.6,69.74,694658
1451,2016-07-08,69.25,70.2,68.95,70.14,584252
1452,2016-07-07,68.73,69.98,68.4,68.71,829283
1453,2016-07-06,65.44,68.48,65.12,68.48,1648961
1454,2016-07-05,66.8,67.03,65.25,65.44,970758
1455,2016-07-01,66.56,67.16,66.34,67.13,849861
1456,2016-06-30,66.09,66.93,65.69,66.93,1162860
1457,2016-06-29,64.6,66.01,64.42,65.86,1083753
1458,2016-06-28,63.38,64.04,62.41,63.67,2194083
1459,2016-06-27,65.3,65.61,62.54,62.89,1225175
1460,2016-06-24,66.26,67.63,65.74,66.03,1025938
1461,2016-06-23,68.61,69.22,68.57,69.05,1139284
1462,2016-06-22,67.87,68.94,67.6833,68.22,1468680
1463,2016-06-21,67.74,68.03,67.36,67.75,1307750
1464,2016-06-20,66.52,67.9,66.52,67.57,1045638
1465,2016-06-17,65.44,65.83,64.89,65.75,1306976
1466,2016-06-16,65.09,65.59,64.66,65.55,771226
1467,2016-06-15,66.1,66.15,65.25,65.42,1472223
1468,2016-06-14,65.9,65.99,64.83,65.69,1050378
1469,2016-06-13,68.38,68.55,65.92,66.02,1537843
1470,2016-06-10,69.07,69.16,68.36,69.11,1443439
1471,2016-06-09,70.48,70.61,69.545,69.64,870352
1472,2016-06-08,71.22,71.31,70.66,70.81,1063781
1473,2016-06-07,70.0,71.295,69.77,71.08,1234776
1474,2016-06-06,69.49,69.948,69.09,69.75,959678
1475,2016-06-03,69.55,69.68,68.69,69.26,1328245
1476,2016-06-02,68.85,69.635,68.4921,69.48,1000121
1477,2016-06-01,67.77,68.96,67.345,68.96,640625
1478,2016-05-31,68.37,68.985,67.8,68.23,1098703
1479,2016-05-27,67.4,68.41,67.4,68.33,616340
1480,2016-05-26,67.68,67.99,67.11,67.54,688013
1481,2016-05-25,66.31,67.86,66.09,67.61,717013
1482,2016-05-24,65.76,66.23,65.483,65.81,583960
1483,2016-05-23,65.26,66.12,64.93,65.35,675176
1484,2016-05-20,64.45,65.2089,63.9,65.13,813079
1485,2016-05-19,64.0,64.87,63.1201,64.13,748392
1486,2016-05-18,64.83,65.49,64.2,64.39,1235500
1487,2016-05-17,65.97,65.97,64.23,65.08,1443777
1488,2016-05-16,65.32,66.74,65.18,66.45,603431
1489,2016-05-13,65.96,66.38,65.06,65.32,391693
1490,2016-05-12,66.63,67.18,65.9,66.33,504800
1491,2016-05-11,66.68,67.05,66.0601,66.16,456258
1492,2016-05-10,65.76,66.81,65.74,66.75,719480
1493,2016-05-09,65.05,66.11,65.04,65.6,610311
1494,2016-05-06,64.82,65.61,64.7734,65.28,473050
1495,2016-05-05,64.88,65.34,64.37,64.95,526711
1496,2016-05-04,65.05,65.77,64.13,64.75,805950
1497,2016-05-03,65.45,65.71,64.71,65.38,719757
1498,2016-05-02,65.26,66.13,64.78,66.12,861615
1499,2016-04-29,65.79,66.4,64.7,64.88,1190162
1500,2016-04-28,65.52,66.78,65.1,65.85,625152
1501,2016-04-27,66.14,66.925,65.6,66.16,642019
1502,2016-04-26,65.45,66.52,65.23,65.93,654836
1503,2016-04-25,66.13,66.665,64.69,65.11,703548
1504,2016-04-22,64.25,65.88,64.05,65.68,950037
1505,2016-04-21,64.5,67.0,63.745,63.85,1619832
1506,2016-04-20,62.92,63.47,62.65,62.7,1012633
1507,2016-04-19,62.85,63.53,62.29,63.09,735465
1508,2016-04-18,61.91,62.85,61.8,62.58,669393
1509,2016-04-15,60.98,62.34,60.3775,62.27,986102
1510,2016-04-14,61.74,61.76,60.6,61.19,617545
1511,2016-04-13,61.21,61.84,60.65,61.77,745065
1512,2016-04-12,59.96,60.94,59.49,60.68,750631
1513,2016-04-11,60.12,60.7,59.665,60.06,696190
1514,2016-04-08,59.56,60.65,59.49,60.18,679072
1515,2016-04-07,59.2,59.7,58.65,58.99,962465
1516,2016-04-06,58.88,59.92,58.49,59.83,896047
1517,2016-04-05,59.75,60.07,58.44,58.89,1035364
1518,2016-04-04,60.68,60.94,60.34,60.45,741870
1519,2016-04-01,60.01,60.74,59.38,60.73,999411
1520,2016-03-31,59.38,61.0,59.05,60.4,1279411
1521,2016-03-30,60.26,60.49,59.1,59.44,1115347
1522,2016-03-29,58.62,60.39,58.4511,60.19,1266336
1523,2016-03-28,58.91,59.29,58.19,58.94,782706
1524,2016-03-24,57.86,58.83,57.27,58.71,957968
1525,2016-03-23,58.82,59.46,58.3333,58.39,1308753
1526,2016-03-22,57.82,59.01,57.71,58.98,1151619
1527,2016-03-21,57.01,58.5,57.01,58.26,1147379
1528,2016-03-18,57.28,57.83,56.45,57.2,5306128
1529,2016-03-17,56.0,57.58,55.8824,57.29,957810
1530,2016-03-16,54.29,56.16,54.24,55.9,1277490
1531,2016-03-15,54.99,55.36,53.7,54.29,1702656
1532,2016-03-14,55.15,55.96,55.09,55.11,1604266
1533,2016-03-11,54.26,55.94,53.87,55.42,1421441
1534,2016-03-10,55.37,55.37,53.39,54.36,1268298
1535,2016-03-09,52.73,55.11,52.51,55.01,2789286
1536,2016-03-08,52.95,53.04,51.75,52.62,1420236
1537,2016-03-07,52.48,53.52,52.27,53.43,1264959
1538,2016-03-04,52.16,53.31,52.15,52.69,1428315
1539,2016-03-03,50.7,52.52,50.5101,52.44,1340367
1540,2016-03-02,50.22,51.55,50.03,50.72,1408957
1541,2016-03-01,49.02,50.48,48.7301,50.48,1754769
1542,2016-02-29,48.42,49.0186,47.81,48.5,1465967
1543,2016-02-26,47.89,48.8,47.71,48.33,1916120
1544,2016-02-25,47.32,47.8,46.75,47.46,1251471
1545,2016-02-24,45.38,47.4,45.04,47.29,2227855
1546,2016-02-23,45.53,45.9,44.92,45.82,1737088
1547,2016-02-22,45.86,46.04,45.23,45.72,1608982
1548,2016-02-19,47.04,47.04,44.32,45.15,2735057
1549,2016-02-18,48.24,48.41,46.775,47.16,1650917
1550,2016-02-17,47.83,48.52,47.695,47.96,881680
1551,2016-02-16,47.14,47.77,46.72,47.39,1681248
1552,2016-02-12,46.86,47.43,46.36,46.6,2191978
1553,2016-02-11,47.96,48.42,45.84,46.07,2258311
1554,2016-02-10,49.5,50.205,48.36,48.82,1356405
1555,2016-02-09,49.11,50.08,48.62,49.84,1727796
1556,2016-02-08,50.01,50.06,48.895,49.73,1603562
1557,2016-02-05,50.44,51.17,50.0,50.64,1272807
1558,2016-02-04,49.29,50.55,48.93,50.44,1715118
1559,2016-02-03,50.44,50.89,48.19,49.42,1280276
1560,2016-02-02,50.28,50.31,49.2201,49.91,1332361
1561,2016-02-01,50.15,51.22,48.93,51.01,1594771
1562,2016-01-29,49.01,50.83,48.29,50.83,1702455
1563,2016-01-28,50.39,50.54,48.53,48.88,1311502
1564,2016-01-27,49.47,51.14,49.27,49.8,2587083
1565,2016-01-26,49.87,52.25,48.73,49.7,3958421
1566,2016-01-25,53.37,53.82,49.9,50.19,3765072
1567,2016-01-22,57.08,58.145,56.55,57.66,1673885
1568,2016-01-21,56.9,57.76,55.83,55.95,1298524
1569,2016-01-20,56.41,57.62,54.0,56.98,1109227
1570,2016-01-19,59.13,59.2456,56.57,57.34,813942
1571,2016-01-15,56.48,59.08,56.41,58.46,1443839
1572,2016-01-14,57.98,58.57,56.84,58.16,687200
1573,2016-01-13,59.62,60.13,57.61,57.65,992233
1574,2016-01-12,60.23,60.87,58.41,59.5,934189
1575,2016-01-11,58.55,60.08,58.43,59.5,1505511
1576,2016-01-08,60.31,60.97,58.22,58.24,1515834
1577,2016-01-07,59.76,60.54,59.06,59.49,1071500
1578,2016-01-06,61.31,61.8,60.4,60.93,844837
1579,2016-01-05,62.66,62.67,61.8,62.29,744852
1580,2016-01-04,62.01,62.55,61.45,62.35,778715
1581,2015-12-31,63.62,64.25,62.86,63.05,736492
1582,2015-12-30,63.78,64.49,63.5,64.0,651804
1583,2015-12-29,64.92,65.0,63.8,63.94,759625
1584,2015-12-28,64.27,64.41,63.47,64.37,499255
1585,2015-12-24,63.75,64.6,63.45,64.3,355887
1586,2015-12-23,62.37,63.89,62.06,63.84,929057
1587,2015-12-22,60.83,62.78,60.7496,62.7,1307410
1588,2015-12-21,60.44,61.15,59.767,60.92,1093776
1589,2015-12-18,61.5,61.85,59.75,59.86,2449162
1590,2015-12-17,64.63,65.29,61.84,61.96,1225424
1591,2015-12-16,64.76,65.34,64.28,65.06,694708
1592,2015-12-15,64.4,64.69,63.5915,64.22,598400
1593,2015-12-14,65.18,65.22,63.31,63.79,727564
1594,2015-12-11,64.96,65.68,64.46,65.09,649663
1595,2015-12-10,65.73,66.36,65.0,65.25,707396
1596,2015-12-09,65.06,66.7,65.0,65.79,601536
1597,2015-12-08,66.0,66.25,65.42,65.65,509852
1598,2015-12-07,66.7,67.03,65.998,66.93,374088
1599,2015-12-04,66.8,67.46,66.4623,67.07,494163
1600,2015-12-03,67.75,67.9,66.23,66.77,775130
1601,2015-12-02,68.62,68.81,67.36,67.46,653518
1602,2015-12-01,68.12,69.13,68.01,68.85,578871
1603,2015-11-30,67.97,68.49,67.7324,67.99,792064
1604,2015-11-27,67.74,68.21,67.17,68.0,211944
1605,2015-11-25,67.91,69.09,67.13,67.41,498723
1606,2015-11-24,67.16,68.78,66.69,68.38,1171750
1607,2015-11-23,67.25,67.93,66.98,67.27,590625
1608,2015-11-20,66.73,67.3,66.56,67.28,684223
1609,2015-11-19,65.88,66.71,65.38,66.47,825499
1610,2015-11-18,63.61,65.69,63.5,65.63,789868
1611,2015-11-17,64.81,65.79,63.23,63.37,1160571
1612,2015-11-16,64.8,65.085,63.77,64.51,810288
1613,2015-11-13,64.49,65.56,64.34,64.93,637691
1614,2015-11-12,66.38,66.5,64.56,64.6,483590
1615,2015-11-11,66.37,67.5,66.25,66.9,616934
1616,2015-11-10,66.22,66.97,65.21,66.25,797913
1617,2015-11-09,67.16,67.31,65.62,66.48,497556
1618,2015-11-06,67.19,67.44,66.25,67.02,807577
1619,2015-11-05,67.34,67.76,66.72,67.2,740394
1620,2015-11-04,67.6,68.28,67.0,67.33,931659
1621,2015-11-03,68.91,68.91,67.1,67.31,923210
1622,2015-11-02,68.61,69.54,68.39,69.15,897427
1623,2015-10-30,68.07,69.21,67.78,68.45,813109
1624,2015-10-29,67.57,68.475,67.13,68.04,777613
1625,2015-10-28,67.29,68.07,66.46,67.63,1001177
1626,2015-10-27,66.94,67.53,65.62,66.99,1288854
1627,2015-10-26,66.48,67.885,66.38,67.46,1018048
1628,2015-10-23,65.25,67.17,64.75,66.63,1855877
1629,2015-10-22,64.59,65.05,63.89,64.83,987950
1630,2015-10-21,64.87,66.6,63.14,64.3,2960905
1631,2015-10-20,69.03,69.61,68.04,68.22,952946
1632,2015-10-19,69.11,69.285,67.92,69.05,1012580
1633,2015-10-16,69.1,69.44,68.57,69.34,811005
1634,2015-10-15,68.69,69.26,68.4,68.9,727412
1635,2015-10-14,68.1,69.3,67.91,68.74,696982
1636,2015-10-13,68.15,69.3,67.89,68.07,695408
1637,2015-10-12,69.35,69.35,66.58,68.52,1110504
1638,2015-10-09,65.93,70.04,65.19,69.72,2463877
1639,2015-10-08,63.98,65.3297,63.65,65.03,622400
1640,2015-10-07,63.48,64.42,63.18,64.02,660166
1641,2015-10-06,63.38,63.62,62.5,62.83,538058
1642,2015-10-05,63.11,63.98,62.56,63.63,628289
1643,2015-10-02,60.65,62.63,60.21,62.53,1088544
1644,2015-10-01,60.42,62.71,59.54,61.24,925838
1645,2015-09-30,60.17,60.74,59.41,60.16,863246
1646,2015-09-29,59.25,59.8,58.29,59.49,793606
1647,2015-09-28,60.99,61.09,59.19,59.34,681784
1648,2015-09-25,61.59,61.94,61.0101,61.3,617908
1649,2015-09-24,61.91,62.01,60.06,61.0,795515
1650,2015-09-23,62.99,63.1,62.16,62.47,484194
1651,2015-09-22,63.3,63.97,62.51,62.81,730365
1652,2015-09-21,64.56,65.59,63.99,64.16,629041
1653,2015-09-18,64.7,65.26,64.1,64.24,1122307
1654,2015-09-17,66.14,66.6199,65.33,65.5,807708
1655,2015-09-16,66.24,66.69,65.93,66.17,698989
1656,2015-09-15,65.11,66.65,65.11,66.23,1022355
1657,2015-09-14,65.45,66.02,65.19,65.83,803917
1658,2015-09-11,65.0,65.915,65.0,65.53,867394
1659,2015-09-10,65.5,66.255,65.25,65.82,939814
1660,2015-09-09,66.68,66.89,65.24,65.42,579889
1661,2015-09-08,65.79,66.19,64.91,66.18,549817
1662,2015-09-04,64.76,65.1,64.21,64.57,347796
1663,2015-09-03,65.6,66.56,65.28,65.5,629247
1664,2015-09-02,65.82,66.66,64.61,65.54,747315
1665,2015-09-01,65.68,66.54,64.84,65.02,1035753
1666,2015-08-31,67.12,68.33,66.67,67.11,1120202
1667,2015-08-28,66.15,67.7099,66.038,67.48,1035128
1668,2015-08-27,65.41,66.87,65.09,66.3,1293516
1669,2015-08-26,64.4,65.62,62.22,64.49,1956418
1670,2015-08-25,68.31,68.31,63.76,63.81,1756829
1671,2015-08-24,69.17,69.17,64.7,66.4,1259932
1672,2015-08-21,70.57,70.9,69.65,69.92,1130048
1673,2015-08-20,71.75,71.92,70.95,71.15,859637
1674,2015-08-19,72.67,72.89,71.7,72.43,456836
1675,2015-08-18,73.06,73.26,72.61,72.91,369286
1676,2015-08-17,72.68,73.595,72.5,73.37,496247
1677,2015-08-14,71.79,73.35,71.71,73.2,700315
1678,2015-08-13,71.85,72.62,71.395,72.11,736852
1679,2015-08-12,71.67,71.97,70.59,71.82,732763
1680,2015-08-11,72.17,72.64,71.48,72.46,913004
1681,2015-08-10,71.42,72.59,70.775,72.44,1003047
1682,2015-08-07,70.63,71.27,70.23,71.25,820306
1683,2015-08-06,70.49,70.69,69.52,70.61,753381
1684,2015-08-05,70.4,71.01,69.99,70.71,589053
1685,2015-08-04,69.77,70.87,69.77,70.32,408426
1686,2015-08-03,70.78,70.97,69.54,70.04,540649
1687,2015-07-31,70.86,71.2,70.42,70.79,771806
1688,2015-07-30,70.83,70.95,70.33,70.73,1101872
1689,2015-07-29,69.68,70.99,69.3003,70.81,1066164
1690,2015-07-28,69.49,70.13,69.02,69.84,810197
1691,2015-07-27,69.35,69.57,68.62,69.16,875452
1692,2015-07-24,69.81,69.94,69.26,69.46,1385604
1693,2015-07-23,71.39,71.39,69.57,69.68,1526205
1694,2015-07-22,72.02,72.35,69.05,70.89,4127361
1695,2015-07-21,65.85,66.09,65.26,65.48,975293
1696,2015-07-20,65.3,66.6,65.3,66.12,1393712
1697,2015-07-17,65.8,65.96,65.25,65.48,1084241
1698,2015-07-16,64.46,66.24,64.4,66.04,2042349
1699,2015-07-15,64.5,64.84,63.56,63.95,877868
1700,2015-07-14,64.05,64.6199,63.89,64.46,852691
1701,2015-07-13,63.61,63.98,63.02,63.89,835893
1702,2015-07-10,63.03,63.43,62.33,62.98,1444605
1703,2015-07-09,63.19,63.71,62.2,62.43,937246
1704,2015-07-08,63.62,63.95,62.6,62.65,921250
1705,2015-07-07,63.38,64.21,62.84,64.14,789266
1706,2015-07-06,63.48,64.15,63.12,63.44,717726
1707,2015-07-02,63.91,64.41,63.68,63.83,782511
1708,2015-07-01,63.29,64.21,62.94,63.87,1368179
1709,2015-06-30,63.3,63.6,62.48,62.49,1989111
1710,2015-06-29,63.32,64.075,62.55,62.57,1809444
1711,2015-06-26,65.4,65.55,63.66,63.81,1926086
1712,2015-06-25,66.14,66.26,65.1,65.17,1120399
1713,2015-06-24,66.6,67.02,65.87,65.89,899461
1714,2015-06-23,66.88,67.5,66.53,66.8,1231333
1715,2015-06-22,68.5,69.03,66.5,66.92,2964650
1716,2015-06-19,68.64,69.38,68.5,69.2,1419492
1717,2015-06-18,68.16,68.52,67.9675,68.51,744334
1718,2015-06-17,67.34,68.01,67.185,68.01,808517
1719,2015-06-16,66.8,67.4,66.66,67.14,710604
1720,2015-06-15,67.08,67.51,66.67,66.8,647615
1721,2015-06-12,67.86,68.06,67.405,67.66,496811
1722,2015-06-11,67.49,68.12,67.49,68.06,716765
1723,2015-06-10,67.44,68.035,67.26,67.73,587946
1724,2015-06-09,67.64,67.74,67.07,67.12,556807
1725,2015-06-08,68.42,68.7,67.78,67.8,530113
1726,2015-06-05,67.93,68.57,67.54,68.53,913953
1727,2015-06-04,67.74,68.25,67.56,68.17,1126812
1728,2015-06-03,68.01,68.81,67.81,68.5,668594
1729,2015-06-02,68.09,68.31,67.68,68.21,1118184
1730,2015-06-01,69.41,69.52,67.39,68.24,1431752
1731,2015-05-29,70.43,70.59,68.59,69.18,4000186
1732,2015-05-28,70.41,70.94,70.02,70.5,746676
1733,2015-05-27,70.13,70.66,69.79,70.62,1121553
1734,2015-05-26,70.53,70.92,69.78,70.08,1436441
1735,2015-05-22,70.59,71.11,70.29,70.62,744911
1736,2015-05-21,70.98,71.33,70.57,70.97,714254
1737,2015-05-20,70.67,71.0,70.35,70.92,853321
1738,2015-05-19,70.78,70.86,70.19,70.38,623537
1739,2015-05-18,69.97,70.835,69.75,70.71,951830
1740,2015-05-15,70.51,70.78,69.55,70.54,791556
1741,2015-05-14,70.37,70.82,70.02,70.69,774596
1742,2015-05-13,69.55,70.02,69.18,69.63,1151814
1743,2015-05-12,69.35,69.41,68.73,68.9,602414
1744,2015-05-11,69.51,69.91,69.29,69.63,498010
1745,2015-05-08,69.76,70.451,69.2,69.92,831569
1746,2015-05-07,69.03,69.63,68.82,69.2,904561
1747,2015-05-06,68.07,69.2,67.21,69.02,1717634
1748,2015-05-05,70.2,70.2,67.48,68.02,3206986
1749,2015-05-04,69.76,70.43,69.62,70.17,775062
1750,2015-05-01,69.31,70.31,69.31,69.87,712638
1751,2015-04-30,68.26,69.64,68.11,69.19,1407437
1752,2015-04-29,68.06,68.715,67.39,68.53,1835924
1753,2015-04-28,69.4,69.41,68.17,68.32,2416715
1754,2015-04-27,70.19,70.56,69.23,69.34,1047128
1755,2015-04-24,70.06,70.33,69.79,70.0,1705207
1756,2015-04-23,70.23,70.99,69.92,70.04,1638085
1757,2015-04-22,70.25,72.7,69.3101,70.68,5080046
1758,2015-04-21,72.48,72.48,68.43,69.02,6232327
1759,2015-04-20,77.06,77.3,76.4,77.02,1059528
1760,2015-04-17,76.76,76.93,76.26,76.76,712598
1761,2015-04-16,76.22,77.33,76.12,77.16,937428
1762,2015-04-15,77.06,77.59,76.58,76.62,801128
1763,2015-04-14,78.49,78.562,76.32,76.9,774566
1764,2015-04-13,78.95,78.98,78.35,78.5,378657
1765,2015-04-10,78.1,78.88,77.91,78.75,586583
1766,2015-04-09,78.13,78.93,78.04,78.28,759629
1767,2015-04-08,76.53,78.34,76.03,78.34,740612
1768,2015-04-07,77.12,77.32,76.482,76.53,544813
1769,2015-04-06,75.9,77.4,75.77,77.24,608434
1770,2015-04-02,76.87,77.33,75.83,76.24,897504
1771,2015-04-01,77.87,77.96,76.11,76.79,854555
1772,2015-03-31,78.22,78.76,78.0,78.19,784737
1773,2015-03-30,78.1,79.11,77.97,78.85,758315
1774,2015-03-27,76.99,77.88,76.76,77.79,665093
1775,2015-03-26,76.59,77.51,76.01,77.34,511255
1776,2015-03-25,78.81,78.96,76.51,76.68,761897
1777,2015-03-24,78.59,79.33,78.28,78.75,569519
1778,2015-03-23,81.14,81.25,78.9,78.94,827036
1779,2015-03-20,79.31,81.01,78.72,80.86,1406096
1780,2015-03-19,79.4,79.76,78.39,79.04,485081
1781,2015-03-18,77.98,79.94,77.6,79.66,767141
1782,2015-03-17,78.14,78.81,77.2,77.98,737263
1783,2015-03-16,78.96,79.35,77.58,78.27,978068
1784,2015-03-13,79.31,79.54,77.87,78.47,771450
1785,2015-03-12,78.01,79.71,77.58,79.58,791033
1786,2015-03-11,77.37,78.005,77.18,77.56,801463
1787,2015-03-10,77.82,78.48,77.05,77.83,785222
1788,2015-03-09,78.39,78.92,77.71,78.23,622304
1789,2015-03-06,78.59,78.62,77.02,77.83,1130438
1790,2015-03-05,80.12,80.42,78.3,79.08,996850
1791,2015-03-04,81.37,81.37,79.4003,80.29,558386
1792,2015-03-03,82.8,82.88,81.12,81.51,647030
1793,2015-03-02,82.75,83.25,81.68,83.06,876484
1794,2015-02-27,84.14,84.3,82.732,82.86,792252
1795,2015-02-26,82.35,83.145,82.12,82.71,932355
1796,2015-02-25,82.64,82.76,81.67,82.1,586238
1797,2015-02-24,83.78,83.78,82.295,82.89,852732
1798,2015-02-23,82.81,84.88,82.1201,84.24,1708675
1799,2015-02-20,83.01,83.7,81.78,83.67,984019
1800,2015-02-19,83.62,83.89,82.69,83.05,839411
1801,2015-02-18,82.23,83.7,81.62,83.63,654417
1802,2015-02-17,82.6,82.99,82.1,82.22,692643
1803,2015-02-13,81.38,82.93,81.29,82.89,945376
1804,2015-02-12,80.18,81.56,79.31,81.03,1644888
1805,2015-02-11,78.84,79.57,78.64,79.21,644207
1806,2015-02-10,77.99,79.08,77.514,78.93,592800
1807,2015-02-09,77.56,77.89,77.16,77.49,508123
1808,2015-02-06,77.53,77.96,77.35,77.77,774605
1809,2015-02-05,76.98,77.69,76.68,77.56,992249
1810,2015-02-04,75.61,76.95,75.47,76.43,930093
1811,2015-02-03,75.5,76.33,75.402,75.87,1103250
1812,2015-02-02,75.96,76.5,74.29,75.34,1105386
1813,2015-01-30,75.94,76.6,75.32,75.85,843930
1814,2015-01-29,76.21,76.5,74.88,76.43,1096787
1815,2015-01-28,76.91,79.1,76.545,76.59,2019499
1816,2015-01-27,74.01,77.05,73.03,76.33,5057700
1817,2015-01-26,81.91,82.62,80.62,81.56,1384741
1818,2015-01-23,82.49,82.63,79.97,80.06,912659
1819,2015-01-22,81.7,82.55,81.0701,82.53,715268
1820,2015-01-21,80.86,82.1,80.69,81.88,765114
1821,2015-01-20,81.11,81.65,80.22,81.23,693490
1822,2015-01-16,78.6,80.48,78.53,80.37,831383
1823,2015-01-15,79.2,80.05,78.5,79.03,1157732
1824,2015-01-14,78.02,79.29,77.76,78.8,751350
1825,2015-01-13,79.39,80.605,78.31,78.81,776910
1826,2015-01-12,78.6,79.11,78.11,78.86,617096
1827,2015-01-09,78.43,79.12,78.24,78.56,518211
1828,2015-01-08,77.66,78.95,77.56,78.72,1067969
1829,2015-01-07,77.17,77.65,75.95,76.78,518723
1830,2015-01-06,77.56,77.96,76.287,76.86,829987
1831,2015-01-05,77.79,78.1,76.895,77.57,591999
1832,2015-01-02,78.73,79.02,77.39,78.29,469468
1833,2014-12-31,79.4,79.4,78.01,78.05,490713
1834,2014-12-30,79.32,79.46,78.87,78.94,305891
1835,2014-12-29,79.06,79.61,78.93,79.11,277518
1836,2014-12-26,79.18,79.44,78.86,79.15,379075
1837,2014-12-24,79.11,79.49,78.83,78.9,303731
1838,2014-12-23,80.0,80.14,78.51,79.01,930684
1839,2014-12-22,79.54,79.9499,79.37,79.69,534501
1840,2014-12-19,79.38,79.74,79.0,79.45,1224471
1841,2014-12-18,78.94,79.34,78.43,79.32,891650
1842,2014-12-17,76.34,78.11,75.89,77.95,743010
1843,2014-12-16,76.13,77.74,75.5,76.55,970028
1844,2014-12-15,76.51,77.2,75.6,76.15,651328
1845,2014-12-12,76.27,76.9,75.93,75.99,905820
1846,2014-12-11,76.59,77.6,76.41,76.92,468442
1847,2014-12-10,76.52,77.36,76.0101,76.21,670951
1848,2014-12-09,76.16,76.6,75.79,76.52,1103843
1849,2014-12-08,78.01,78.3,77.1,77.46,998871
1850,2014-12-05,77.79,78.27,77.57,78.01,962012
1851,2014-12-04,76.76,78.5,76.68,77.78,1794351
1852,2014-12-03,74.78,76.8,74.66,76.59,1003007
1853,2014-12-02,73.21,74.89,73.0,74.87,585490
1854,2014-12-01,74.25,74.25,73.23,73.23,509605
1855,2014-11-28,73.78,74.35,73.33,74.28,301476
1856,2014-11-26,74.47,74.47,73.11,73.73,476628
1857,2014-11-25,74.0,74.67,73.52,74.31,529981
1858,2014-11-24,72.98,73.86,72.95,73.86,706970
1859,2014-11-21,74.02,74.04,72.48,72.98,623207
1860,2014-11-20,72.46,73.1,72.26,72.9,669225
1861,2014-11-19,73.12,73.71,72.18,73.05,989767
1862,2014-11-18,72.74,73.8,72.56,73.6,693271
1863,2014-11-17,71.9,72.99,71.9,72.81,493121
1864,2014-11-14,72.7,73.04,72.0599,72.29,550415
1865,2014-11-13,72.99,73.18,72.51,72.85,535466
1866,2014-11-12,72.53,73.3,72.25,73.13,469135
1867,2014-11-11,73.67,73.74,72.58,72.76,577327
1868,2014-11-10,73.07,73.75,72.71,73.72,638378
1869,2014-11-07,72.6,73.19,72.21,72.9,674614
1870,2014-11-06,72.54,73.0,71.72,72.25,732796
1871,2014-11-05,73.08,73.09,71.94,72.35,869486
1872,2014-11-04,71.64,72.8,71.17,72.36,1387461
1873,2014-11-03,72.17,72.4,71.44,71.77,798624
1874,2014-10-31,72.06,72.25,71.28,72.08,838622
1875,2014-10-30,69.65,72.23,69.25,71.07,1946512
1876,2014-10-29,70.39,70.82,68.97,69.87,741705
1877,2014-10-28,69.16,70.52,68.94,70.47,758474
1878,2014-10-27,69.17,69.17,67.91,68.9,928917
1879,2014-10-24,69.35,69.73,68.19,69.68,973619
1880,2014-10-23,68.17,70.26,68.15,69.47,1554820
1881,2014-10-22,69.54,69.88,67.21,67.38,2201490
1882,2014-10-21,63.47,69.4,62.51,69.13,4585744
1883,2014-10-20,62.37,63.21,62.03,63.09,1790693
1884,2014-10-17,62.29,63.63,62.0,62.35,1918457
1885,2014-10-16,59.79,62.43,59.55,62.23,2302498
1886,2014-10-15,57.96,59.77,57.06,59.67,3143820
1887,2014-10-14,59.08,59.44,58.25,58.61,1676095
1888,2014-10-13,60.67,60.875,58.79,58.82,1364185
1889,2014-10-10,62.09,62.6295,60.73,60.76,1545226
1890,2014-10-09,63.82,63.82,61.86,61.98,1579953
1891,2014-10-08,62.79,63.8,61.92,63.72,1112555
1892,2014-10-07,63.01,63.74,62.63,62.63,1111841
1893,2014-10-06,64.1,64.25,62.675,63.06,1407185
1894,2014-10-03,62.84,63.98,62.69,63.77,1499346
1895,2014-10-02,62.83,62.91,61.98,62.3,1311980
1896,2014-10-01,63.7,63.7,62.71,62.92,1376846
1897,2014-09-30,64.7,64.809,63.79,63.82,674480
1898,2014-09-29,64.43,65.27,64.025,64.86,867831
1899,2014-09-26,63.81,64.855,63.68,64.8,1379157
1900,2014-09-25,63.8,64.2,63.105,63.25,773053
1901,2014-09-24,64.59,64.64,63.63,64.24,1867701
1902,2014-09-23,65.2,65.31,64.29,64.34,877113
1903,2014-09-22,65.47,66.13,65.02,65.07,869882
1904,2014-09-19,65.38,65.76,65.01,65.4,1216800
1905,2014-09-18,66.07,66.07,65.15,65.37,668200
1906,2014-09-17,66.69,66.73,64.92,65.53,1502300
1907,2014-09-16,67.21,67.32,66.58,66.74,1093100
1908,2014-09-15,67.88,67.94,66.86,67.34,812300
1909,2014-09-12,69.46,69.46,67.59,67.73,763100
1910,2014-09-11,68.18,69.89,67.85,69.32,1095800
1911,2014-09-10,69.43,69.64,68.08,68.71,633600
1912,2014-09-09,69.86,70.4,69.17,69.22,1228300
1913,2014-09-08,70.47,70.94,69.87,70.1,591400
1914,2014-09-05,70.27,70.45,69.5,70.45,535000
1915,2014-09-04,70.0,70.62,69.72,70.29,1779000
1916,2014-09-03,68.91,69.71,68.75,69.69,1144400
1917,2014-09-02,68.25,69.37,68.1,68.73,997700
1918,2014-08-29,67.4,68.07,67.03,67.99,491600
1919,2014-08-28,66.92,67.38,66.78,67.2,329100
1920,2014-08-27,67.28,67.51,67.07,67.24,503000
1921,2014-08-26,66.74,67.25,66.61,67.07,555600
1922,2014-08-25,66.77,66.84,66.35,66.76,761700
1923,2014-08-22,66.46,66.84,66.15,66.46,1291800
1924,2014-08-21,65.8,66.55,65.59,66.49,738600
1925,2014-08-20,66.15,66.32,65.52,65.7,1035900
1926,2014-08-19,66.04,66.86,65.84,66.12,909000
1927,2014-08-18,66.17,66.48,65.98,66.29,658200
1928,2014-08-15,66.08,66.08,64.9,65.87,994400
1929,2014-08-14,64.28,65.75,64.28,65.59,1100600
1930,2014-08-13,65.65,65.84,63.42,64.13,1760700
1931,2014-08-12,66.24,66.43,65.33,65.84,752400
1932,2014-08-11,66.91,66.96,66.09,66.48,615200
1933,2014-08-08,66.41,66.66,65.79,66.65,463200
1934,2014-08-07,66.87,66.99,65.87,66.26,477000
1935,2014-08-06,66.11,67.08,65.75,66.61,491200
1936,2014-08-05,66.75,67.16,66.11,66.41,623600
1937,2014-08-04,66.82,67.55,66.32,67.39,1003100
1938,2014-08-01,66.18,66.93,65.71,66.49,1142500
1939,2014-07-31,66.59,66.78,65.69,66.16,977100
1940,2014-07-30,67.37,68.47,67.18,67.3,1036000
1941,2014-07-29,67.32,67.39,66.75,66.93,1040300
1942,2014-07-28,67.85,67.85,66.56,67.3,804600
1943,2014-07-25,68.84,69.0,67.73,67.78,895400
1944,2014-07-24,66.92,70.46,66.9,69.11,2749700
1945,2014-07-23,66.26,66.65,65.77,66.54,2235200
1946,2014-07-22,68.0,69.24,65.0,65.64,2873400
1947,2014-07-21,67.06,67.16,65.99,66.2,2219500
1948,2014-07-18,66.78,68.24,66.72,67.67,1454400
1949,2014-07-17,66.95,68.11,66.3,66.41,1316400
1950,2014-07-16,68.28,68.28,66.84,67.21,1180700
1951,2014-07-15,68.51,69.36,67.97,67.99,793700
1952,2014-07-14,68.9,68.98,68.2,68.83,544900
1953,2014-07-11,68.12,68.78,68.03,68.55,464300
1954,2014-07-10,68.32,68.36,67.81,68.17,920400
1955,2014-07-09,69.22,69.34,68.63,69.06,482000
1956,2014-07-08,69.39,69.4,68.82,69.0,697100
1957,2014-07-07,70.92,71.0,69.31,69.62,736800
1958,2014-07-03,70.88,71.4,70.75,70.93,504300
1959,2014-07-02,72.0,72.33,70.7,70.94,811500
1960,2014-07-01,71.75,72.82,71.66,72.24,1140000
1961,2014-06-30,71.51,71.69,71.05,71.49,603700
1962,2014-06-27,70.98,71.58,70.6,71.19,714900
1963,2014-06-26,71.07,71.07,70.12,70.94,464300
1964,2014-06-25,70.24,70.91,70.07,70.85,442600
1965,2014-06-24,70.9,71.84,70.22,70.24,538100
1966,2014-06-23,71.61,71.61,70.85,71.19,447800
1967,2014-06-20,71.17,71.73,70.61,71.62,1038600
1968,2014-06-19,70.66,71.22,70.61,70.95,439500
1969,2014-06-18,70.54,70.71,69.55,70.28,578000
1970,2014-06-17,69.67,70.68,68.79,70.34,668100
1971,2014-06-16,69.83,70.31,69.5,69.7,457600
1972,2014-06-13,69.88,70.24,69.5,69.86,385300
1973,2014-06-12,70.58,70.85,69.61,69.93,531200
1974,2014-06-11,70.07,70.74,69.98,70.58,662400
1975,2014-06-10,71.28,71.66,70.69,71.03,549200
1976,2014-06-09,71.39,71.86,71.03,71.38,533300
1977,2014-06-06,70.82,71.25,70.73,70.96,526900
1978,2014-06-05,70.05,70.73,69.61,70.71,447600
1979,2014-06-04,70.04,71.05,69.55,69.77,855000
1980,2014-06-03,70.14,70.41,69.71,70.3,742300
1981,2014-06-02,69.37,70.37,69.1,70.28,953200
1982,2014-05-30,68.88,69.67,68.79,69.16,1417600
1983,2014-05-29,68.36,68.86,68.14,68.82,598800
1984,2014-05-28,67.85,68.15,67.34,67.98,667600
1985,2014-05-27,67.76,68.08,67.41,67.77,744300
1986,2014-05-23,67.31,67.6,67.06,67.55,585700
1987,2014-05-22,67.55,67.9,67.17,67.19,705000
1988,2014-05-21,67.7,68.03,67.3,67.51,547000
1989,2014-05-20,67.5,67.7,67.09,67.33,935400
1990,2014-05-19,67.24,68.39,67.01,67.7,900800
1991,2014-05-16,66.67,67.49,66.36,67.45,889500
1992,2014-05-15,67.35,67.63,66.18,66.73,940300
1993,2014-05-14,67.36,67.75,66.93,67.14,526800
1994,2014-05-13,67.97,68.47,67.22,67.29,765300
1995,2014-05-12,66.55,68.12,66.5,67.97,1055300
1996,2014-05-09,66.61,67.04,66.05,66.28,945000
1997,2014-05-08,66.86,68.0,66.63,66.76,753700
1998,2014-05-07,66.74,67.0,65.93,66.95,724900
1999,2014-05-06,66.49,66.81,66.2,66.42,629400
2000,2014-05-05,66.31,67.46,66.22,66.73,913100
2001,2014-05-02,66.26,66.94,66.01,66.4,961400
2002,2014-05-01,66.5,67.14,65.98,66.26,1725800
2003,2014-04-30,65.3,66.78,65.01,66.63,1478300
2004,2014-04-29,65.57,65.86,65.0,65.28,1372900
2005,2014-04-28,66.68,66.93,65.0,65.56,1060800
2006,2014-04-25,66.53,66.63,66.16,66.39,766400
2007,2014-04-24,67.82,67.93,66.15,66.79,1108800
2008,2014-04-23,69.0,69.0,67.14,67.45,1203400
2009,2014-04-22,68.44,68.95,67.83,68.49,879600
2010,2014-04-21,67.58,68.47,67.28,68.21,912400
2011,2014-04-17,67.16,67.7,66.5,67.16,1213000
2012,2014-04-16,68.07,68.4,66.91,67.36,1802900
2013,2014-04-15,67.6,68.0,66.03,67.59,1180100
2014,2014-04-14,67.13,68.11,66.64,67.5,1078800
2015,2014-04-11,66.33,66.92,65.26,66.31,1140200
2016,2014-04-10,69.35,69.4,66.66,66.85,1229400
2017,2014-04-09,68.81,69.33,68.35,69.31,628600
2018,2014-04-08,68.34,69.16,67.5,68.49,884000
2019,2014-04-07,71.15,71.15,68.04,68.56,1061100
2020,2014-04-04,72.35,72.69,70.97,71.31,904200
2021,2014-04-03,72.54,72.74,71.33,71.88,1204800
2022,2014-04-02,71.23,72.54,71.23,72.33,1094400
2023,2014-04-01,70.51,71.41,70.46,71.25,918500
2024,2014-03-31,69.41,70.57,69.07,70.37,988300
2025,2014-03-28,68.34,69.27,68.05,68.96,815000
2026,2014-03-27,68.36,68.36,67.11,68.08,1620700
2027,2014-03-26,70.96,71.28,68.58,68.64,1053200
2028,2014-03-25,71.32,71.82,70.3,70.74,934000
2029,2014-03-24,72.4,73.63,70.65,70.91,1264300
2030,2014-03-21,71.97,72.42,71.88,72.18,1913400
2031,2014-03-20,70.9,72.1,70.9,72.07,1058100
2032,2014-03-19,71.69,71.69,70.4,71.04,1074100
2033,2014-03-18,70.8,71.95,70.71,71.7,754600
2034,2014-03-17,71.04,71.33,70.32,70.71,810600
2035,2014-03-14,71.03,71.46,69.94,70.82,1371500
2036,2014-03-13,72.28,72.78,70.78,71.23,1074400
2037,2014-03-12,71.59,72.52,71.11,72.08,1057100
2038,2014-03-11,74.05,74.18,72.58,72.78,651800
2039,2014-03-10,74.32,74.5,73.32,73.85,485100
2040,2014-03-07,74.63,74.99,73.84,74.21,568700
2041,2014-03-06,74.8,75.1,74.1,74.2,574200
2042,2014-03-05,74.7,74.7,73.7,74.61,809500
2043,2014-03-04,73.87,74.58,73.47,74.28,842700
2044,2014-03-03,72.89,73.39,71.91,72.86,914300
2045,2014-02-28,72.39,73.27,72.13,72.89,717500
2046,2014-02-27,71.95,72.43,71.73,72.26,588300
2047,2014-02-26,72.15,72.56,71.34,71.93,794300
2048,2014-02-25,72.58,72.89,71.81,71.93,722800
2049,2014-02-24,72.37,73.28,72.14,72.29,1070900
2050,2014-02-21,72.57,72.8,71.68,72.22,744800
2051,2014-02-20,72.5,72.98,71.5,72.33,844200
2052,2014-02-19,72.92,73.14,72.01,72.06,1071300
2053,2014-02-18,73.07,73.31,72.26,72.56,833700
2054,2014-02-14,71.4,72.79,71.36,72.59,903600
2055,2014-02-13,72.0,72.35,71.12,71.33,1556700
2056,2014-02-12,70.63,72.13,69.67,72.06,3753700
2057,2014-02-11,65.62,66.06,65.01,65.55,1589900
2058,2014-02-10,65.04,66.21,65.04,65.51,1617700
2059,2014-02-07,63.54,65.28,63.44,65.01,1066700
2060,2014-02-06,62.91,63.65,62.91,63.18,675600
2061,2014-02-05,62.81,63.18,61.35,62.88,1749900
2062,2014-02-04,62.91,63.37,61.71,63.03,1184900
2063,2014-02-03,64.62,65.33,61.86,62.36,2232500
2064,2014-01-31,63.27,65.24,63.13,64.6,948400
2065,2014-01-30,64.79,64.85,63.59,63.98,648300
2066,2014-01-29,62.5,64.91,62.22,63.84,1171900
2067,2014-01-28,62.15,63.19,62.12,63.01,723700
2068,2014-01-27,62.53,63.0,61.64,62.18,1313000
2069,2014-01-24,64.85,64.85,61.96,62.5,1364900
2070,2014-01-23,66.02,66.07,65.0,65.29,884700
2071,2014-01-22,65.75,66.5,65.56,66.2,831800
2072,2014-01-21,65.5,65.73,65.17,65.62,598400
2073,2014-01-17,65.3,65.42,64.69,64.93,516100
2074,2014-01-16,65.52,65.55,65.14,65.36,365600
2075,2014-01-15,65.5,65.96,65.29,65.49,707300
2076,2014-01-14,64.54,65.53,64.39,65.41,861400
2077,2014-01-13,64.6,65.09,64.3,64.56,1363200
2078,2014-01-10,63.5,64.6,63.21,64.59,829400
2079,2014-01-09,63.29,63.5,62.32,63.41,618600
2080,2014-01-08,63.53,63.72,62.42,63.3,722300
2081,2014-01-07,62.86,63.93,62.79,63.56,1149500
2082,2014-01-06,63.2,63.5,62.25,62.3,838800
2083,2014-01-03,63.11,63.61,62.83,62.97,588100
2084,2014-01-02,63.0,63.82,63.0,63.25,634800
2085,2013-12-31,63.37,63.65,63.0,63.28,441000
2086,2013-12-30,62.96,63.5,62.59,63.27,429000
2087,2013-12-27,63.16,63.44,62.89,63.03,276500
2088,2013-12-26,63.3,63.4,62.66,63.14,469400
2089,2013-12-24,62.21,63.16,62.14,62.95,234400
2090,2013-12-23,62.25,62.55,61.89,62.32,780000
2091,2013-12-20,62.02,62.26,61.76,61.89,1121800
2092,2013-12-19,62.14,62.48,61.31,61.84,546400
2093,2013-12-18,61.96,62.84,61.13,62.83,632800
2094,2013-12-17,62.18,62.19,60.93,61.39,710500
2095,2013-12-16,61.43,62.55,61.21,62.17,958200
2096,2013-12-13,61.6,61.72,60.4,61.43,951200
2097,2013-12-12,60.48,60.8,60.13,60.37,528100
2098,2013-12-11,61.73,61.94,60.07,60.43,932500
2099,2013-12-10,59.71,62.14,59.34,61.43,1728900
2100,2013-12-09,61.25,61.33,59.7,59.87,1149700
2101,2013-12-06,61.11,61.17,60.21,61.07,654600
2102,2013-12-05,60.79,61.13,59.69,60.15,894200
2103,2013-12-04,60.07,61.15,59.94,61.08,987100
2104,2013-12-03,61.23,61.36,59.94,60.11,1122300
2105,2013-12-02,61.22,62.1,60.77,61.41,529900
2106,2013-11-29,61.62,61.79,61.23,61.26,208800
2107,2013-11-27,62.23,62.23,61.26,61.57,445700
2108,2013-11-26,61.07,62.04,60.96,61.77,519700
2109,2013-11-25,62.7,63.86,60.8,60.93,997200
2110,2013-11-22,63.17,63.17,61.89,62.65,481600
2111,2013-11-21,61.31,63.06,61.23,62.93,878000
2112,2013-11-20,61.53,61.71,60.76,61.06,523600
2113,2013-11-19,61.63,62.19,61.25,61.44,700700
2114,2013-11-18,61.09,61.85,60.38,61.62,873000
2115,2013-11-15,61.18,61.23,60.39,60.84,878700
2116,2013-11-14,60.75,61.06,60.55,60.88,361000
2117,2013-11-13,59.76,60.78,59.53,60.76,430600
2118,2013-11-12,60.67,60.67,59.79,60.03,728900
2119,2013-11-11,60.62,60.89,60.35,60.67,374700
2120,2013-11-08,58.85,60.79,58.77,60.54,1138600
2121,2013-11-07,61.23,61.42,58.76,58.78,1209200
2122,2013-11-06,60.83,61.67,60.76,60.95,588500
2123,2013-11-05,64.0,64.09,60.48,60.61,1319700
2124,2013-11-04,62.97,64.39,62.56,64.27,1117900
2125,2013-11-01,62.51,62.75,62.0,62.61,428700
2126,2013-10-31,61.57,62.83,61.56,62.28,630600
2127,2013-10-30,62.11,62.5,61.67,61.78,788500
2128,2013-10-29,62.52,62.52,61.09,61.74,575600
2129,2013-10-28,62.31,62.77,61.86,62.2,614700
2130,2013-10-25,61.8,62.33,61.0,62.21,537400
2131,2013-10-24,60.95,61.66,60.95,61.62,439200
2132,2013-10-23,61.31,61.59,60.54,60.94,384000
2133,2013-10-22,60.8,61.59,60.4,61.59,878900
2134,2013-10-21,60.91,61.02,60.0,60.96,1206200
2135,2013-10-18,61.31,61.31,60.09,60.73,892400
2136,2013-10-17,58.66,61.0,58.61,60.92,1584700
2137,2013-10-16,58.37,58.6,57.78,58.5,811800
2138,2013-10-15,59.96,60.4,57.58,57.88,1562900
2139,2013-10-14,56.9,58.59,56.86,58.52,1367700
2140,2013-10-11,57.16,57.61,56.73,57.6,696500
2141,2013-10-10,57.15,57.68,56.78,57.11,878200
2142,2013-10-09,56.28,56.73,55.66,56.37,1209100
2143,2013-10-08,56.57,57.04,56.09,56.43,1010500
2144,2013-10-07,56.4,57.14,56.23,56.85,811400
2145,2013-10-04,57.04,57.25,56.61,57.12,540800
2146,2013-10-03,57.21,57.31,56.53,56.91,790500
2147,2013-10-02,57.86,57.91,57.05,57.2,1037700
2148,2013-10-01,57.1,58.71,57.1,58.22,1562700
2149,2013-09-30,56.89,57.66,56.07,57.09,1518500
2150,2013-09-27,58.47,58.6,57.3,57.62,1140600
2151,2013-09-26,58.6,59.43,58.6,59.18,537200
2152,2013-09-25,58.49,58.79,57.85,58.29,814000
2153,2013-09-24,58.42,59.1,57.51,58.27,1205200
2154,2013-09-23,59.12,59.14,58.37,58.55,1189100
2155,2013-09-20,59.58,59.96,58.99,59.03,1263800
2156,2013-09-19,61.26,61.32,59.38,59.5,1133400
2157,2013-09-18,60.03,61.23,58.81,61.15,1573400
2158,2013-09-17,60.28,60.41,59.7,59.95,1656200
2159,2013-09-16,60.06,60.45,56.87,60.43,5278000
2160,2013-09-13,54.38,54.6,53.93,54.55,474500
2161,2013-09-12,54.56,54.86,54.06,54.2,547900
2162,2013-09-11,55.14,55.23,54.29,54.72,455700
2163,2013-09-10,54.83,55.69,54.65,55.4,856300
2164,2013-09-09,53.58,54.41,53.46,54.39,561400
2165,2013-09-06,53.73,53.82,52.67,53.45,364500
2166,2013-09-05,53.2,53.65,53.0,53.4,600900
2167,2013-09-04,52.77,53.09,52.46,53.03,580700
2168,2013-09-03,53.8,54.13,51.85,52.74,1036900
2169,2013-08-30,53.64,53.68,52.77,53.04,494600
2170,2013-08-29,53.33,54.18,53.26,53.55,318600
2171,2013-08-28,53.36,53.61,53.0,53.45,368700
2172,2013-08-27,53.87,54.06,53.3,53.42,437100
2173,2013-08-26,54.58,55.0,54.2,54.47,434400
2174,2013-08-23,54.44,54.74,53.67,54.58,452500
2175,2013-08-22,54.01,54.48,53.79,54.09,603000
2176,2013-08-21,53.98,54.08,53.43,53.73,565500
2177,2013-08-20,53.25,54.19,52.99,54.02,797100
2178,2013-08-19,52.0,53.27,51.7,53.11,1004300
2179,2013-08-16,52.82,53.18,52.02,52.03,1569500
2180,2013-08-15,54.12,54.16,52.85,52.92,614100
2181,2013-08-14,54.8,55.09,54.49,54.83,327300
2182,2013-08-13,54.92,54.97,54.27,54.71,458800
2183,2013-08-12,54.33,54.72,54.04,54.69,293000
2184,2013-08-09,54.72,55.16,54.2,54.52,474200
2185,2013-08-08,54.5,55.14,54.5,54.8,524000
2186,2013-08-07,54.12,54.32,53.19,54.21,721100
2187,2013-08-06,54.92,54.97,54.07,54.29,539300
2188,2013-08-05,55.01,55.21,54.61,54.96,621800
2189,2013-08-02,55.05,55.19,54.5,55.15,618200
2190,2013-08-01,54.41,55.79,54.34,55.08,1513500
2191,2013-07-31,53.62,54.3,53.6,53.79,816800
2192,2013-07-30,53.42,53.64,53.02,53.6,602400
2193,2013-07-29,52.9,53.26,52.53,53.15,692800
2194,2013-07-26,52.7,52.94,52.15,52.9,544500
2195,2013-07-25,53.08,53.25,52.81,53.07,815000
2196,2013-07-24,53.07,53.47,52.86,53.28,854600
2197,2013-07-23,53.37,53.53,52.59,52.71,804700
2198,2013-07-22,53.18,53.64,53.03,53.23,1201800
2199,2013-07-19,53.01,53.06,52.26,52.96,967100
2200,2013-07-18,51.76,52.61,51.28,52.57,1248900
2201,2013-07-17,53.14,53.94,51.51,51.7,2081600
2202,2013-07-16,52.43,52.57,51.23,51.49,931700
2203,2013-07-15,52.55,52.96,52.11,52.31,1067600
2204,2013-07-12,51.95,52.66,51.95,52.27,1163500
2205,2013-07-11,50.95,51.74,48.45,51.69,1689000
2206,2013-07-10,50.35,50.6,50.16,50.32,1086900
2207,2013-07-09,50.65,50.68,50.15,50.47,733600
2208,2013-07-08,50.34,50.4,49.83,50.24,586100
2209,2013-07-05,49.93,50.09,49.77,49.98,466700
2210,2013-07-03,49.34,49.56,49.25,49.48,437000
2211,2013-07-02,49.67,50.09,49.31,49.55,975900
2212,2013-07-01,49.27,50.35,49.27,49.62,799900
2213,2013-06-28,48.91,49.52,48.7,48.96,1195300
2214,2013-06-27,49.04,49.38,48.87,48.92,533500
2215,2013-06-26,48.48,49.07,48.05,48.7,680000
2216,2013-06-25,48.32,48.45,47.5,47.98,585700
2217,2013-06-24,48.21,48.26,47.56,47.83,547300
2218,2013-06-21,48.84,48.91,47.73,48.67,942600
2219,2013-06-20,49.01,49.11,48.5,48.62,526500
2220,2013-06-19,49.65,49.85,49.26,49.4,1059800
2221,2013-06-18,49.64,49.98,49.3,49.52,1192900
2222,2013-06-17,49.42,49.86,49.23,49.47,726100
2223,2013-06-14,48.97,49.21,48.77,49.05,425300
2224,2013-06-13,48.28,49.09,48.14,48.92,604200
2225,2013-06-12,48.92,48.92,47.88,48.03,579100
2226,2013-06-11,48.52,49.48,48.3,48.92,777000
2227,2013-06-10,49.32,49.45,48.66,49.2,810900
2228,2013-06-07,49.23,49.44,48.81,49.1,745900
2229,2013-06-06,48.01,49.02,47.99,49.02,534500
2230,2013-06-05,48.61,48.75,47.9,48.13,673500
2231,2013-06-04,49.0,49.27,48.39,48.77,659700
2232,2013-06-03,48.95,49.09,47.5,48.88,1196500
2233,2013-05-31,49.37,49.79,48.99,49.0,458500
2234,2013-05-30,49.74,50.02,49.3,49.56,415700
2235,2013-05-29,49.89,49.89,49.18,49.59,404300
2236,2013-05-28,50.02,50.53,49.95,50.28,685300
2237,2013-05-24,49.39,49.55,48.88,49.31,797900
2238,2013-05-23,49.15,50.0,48.83,49.7,885200
2239,2013-05-22,50.4,50.7,49.51,49.74,681300
2240,2013-05-21,50.17,50.49,50.05,50.39,857800
2241,2013-05-20,49.76,50.4,49.72,50.23,704600
2242,2013-05-17,49.86,50.22,49.5,49.83,472300
2243,2013-05-16,50.25,50.78,49.71,49.81,1089400
2244,2013-05-15,49.86,50.6,49.54,50.08,1243400
2245,2013-05-14,49.27,49.94,49.27,49.89,973000
2246,2013-05-13,48.76,49.43,48.47,49.3,619600
2247,2013-05-10,49.32,49.54,48.64,48.72,908100
2248,2013-05-09,49.52,50.0,49.15,49.38,862200
2249,2013-05-08,49.1,49.58,48.73,49.52,885400
2250,2013-05-07,48.16,49.13,48.09,49.09,1667500
2251,2013-05-06,47.81,48.04,47.58,47.98,560600
2252,2013-05-03,47.2,48.02,47.2,47.65,663500
2253,2013-05-02,46.65,47.54,46.38,46.84,1711300
2254,2013-05-01,47.35,47.46,46.45,46.73,1105400
2255,2013-04-30,47.2,47.57,46.52,47.56,1263000
2256,2013-04-29,46.0,47.3,45.8,47.13,1676600
2257,2013-04-26,46.16,46.32,45.32,45.8,754400
2258,2013-04-25,46.25,46.37,45.51,46.15,965000
2259,2013-04-24,45.75,46.81,45.39,46.0,1358000
2260,2013-04-23,44.16,46.73,44.16,45.53,2572700
2261,2013-04-22,43.26,43.93,42.64,43.73,1486600
2262,2013-04-19,43.41,44.26,43.08,43.27,878600
2263,2013-04-18,43.55,43.64,42.88,43.2,979000
2264,2013-04-17,43.81,43.81,42.77,43.39,1198900
2265,2013-04-16,42.84,44.29,42.71,44.28,1206300
2266,2013-04-15,44.57,44.57,42.36,42.5,1788300
2267,2013-04-12,45.01,45.27,44.37,44.86,780800
2268,2013-04-11,44.95,45.69,44.55,44.92,1095200
2269,2013-04-10,44.67,45.12,44.58,44.91,991100
2270,2013-04-09,44.8,44.86,44.41,44.62,553400
2271,2013-04-08,44.23,44.7,44.23,44.66,336900
2272,2013-04-05,43.67,44.33,42.78,44.25,1432000
2273,2013-04-04,44.5,44.68,43.96,44.08,1192200
2274,2013-04-03,44.97,45.14,44.15,44.51,1393000
2275,2013-04-02,44.73,45.26,44.55,45.0,865500
2276,2013-04-01,44.82,44.97,44.31,44.54,645000
2277,2013-03-28,44.51,44.93,44.3,44.87,569000
2278,2013-03-27,43.87,44.51,43.6,44.44,715000
2279,2013-03-26,43.31,44.08,43.31,44.05,813100
2280,2013-03-25,42.6,43.39,42.43,43.23,921400
2281,2013-03-22,42.95,43.32,42.63,43.08,898300
2282,2013-03-21,43.18,43.45,42.78,42.89,604100
2283,2013-03-20,43.25,43.56,42.93,43.26,741800
2284,2013-03-19,42.96,43.25,42.77,43.02,918900
2285,2013-03-18,42.2,43.28,42.2,43.0,664900
2286,2013-03-15,42.96,43.18,42.67,43.14,860700
2287,2013-03-14,42.83,43.04,42.57,42.91,680600
2288,2013-03-13,42.97,42.97,42.23,42.53,1106300
2289,2013-03-12,43.56,43.56,43.03,43.13,446500
2290,2013-03-11,43.46,43.68,43.34,43.54,480100
2291,2013-03-08,43.49,43.86,43.24,43.45,582900
2292,2013-03-07,42.9,43.38,42.89,43.32,553300
2293,2013-03-06,42.96,43.42,42.86,42.91,810400
2294,2013-03-05,42.65,43.03,42.56,42.73,618500
2295,2013-03-04,41.65,42.46,41.57,42.44,935200
2296,2013-03-01,41.61,41.99,41.12,41.62,1336800
2297,2013-02-28,41.84,42.33,41.67,41.78,919300
2298,2013-02-27,41.29,42.26,41.29,41.79,1375700
2299,2013-02-26,41.53,41.71,41.25,41.66,1271800
2300,2013-02-25,42.3,42.46,41.1,41.1,1080900
2301,2013-02-22,40.9,42.28,40.9,41.8,1347200
2302,2013-02-21,39.22,41.33,38.91,40.87,2565300
2303,2013-02-20,40.29,40.43,39.23,39.24,883000
2304,2013-02-19,40.76,40.97,40.13,40.25,744200
2305,2013-02-15,40.48,40.7,40.36,40.64,370600
2306,2013-02-14,40.11,40.49,40.1,40.36,347600
2307,2013-02-13,40.23,40.43,39.97,40.28,386000
2308,2013-02-12,40.22,40.37,39.87,40.08,554600
2309,2013-02-11,40.3,40.37,39.68,40.22,519200
2310,2013-02-08,39.78,40.34,39.77,40.15,721600
2311,2013-02-07,39.69,39.89,39.29,39.79,874100
2312,2013-02-06,39.31,39.68,39.09,39.68,544400
2313,2013-02-05,39.44,39.75,39.2,39.36,636800
2314,2013-02-04,39.07,39.35,38.9,39.19,657400
2315,2013-02-01,38.45,39.15,38.36,39.13,1448100
2316,2013-01-31,38.53,38.83,38.37,38.43,1021600
2317,2013-01-30,39.37,39.44,38.58,38.6,1117100
2318,2013-01-29,39.35,39.52,39.14,39.34,860700
2319,2013-01-28,39.81,39.82,39.21,39.46,589600
2320,2013-01-25,39.98,39.98,39.63,39.82,637000
2321,2013-01-24,39.3,39.85,39.12,39.82,973200
2322,2013-01-23,38.89,39.75,38.82,39.29,1267000
2323,2013-01-22,38.77,39.25,37.86,38.81,3735400
2324,2013-01-18,40.01,40.05,39.59,40.02,765500
2325,2013-01-17,39.17,40.24,39.05,39.94,1143600
2326,2013-01-16,39.21,39.21,38.78,38.98,583000
2327,2013-01-15,39.24,39.64,39.0,39.2,928200
2328,2013-01-14,38.8,39.34,38.79,39.17,388500
2329,2013-01-11,38.52,38.86,38.05,38.86,695700
2330,2013-01-10,39.13,39.13,38.45,38.49,839000
2331,2013-01-09,38.91,39.08,38.79,38.87,827200
2332,2013-01-08,38.89,39.39,38.82,38.82,879700
2333,2013-01-07,38.63,39.08,38.62,38.97,697600
2334,2013-01-04,38.89,38.98,38.66,38.88,897700
2335,2013-01-03,38.91,39.16,38.73,38.91,971900
2336,2013-01-02,39.24,39.3,38.63,39.0,897600
2337,2012-12-31,38.01,38.67,37.88,38.47,625100
2338,2012-12-28,37.92,38.37,37.85,38.09,681800
2339,2012-12-27,38.18,38.37,38.1,38.28,769100
2340,2012-12-26,37.95,38.31,37.9,38.24,666300
2341,2012-12-24,37.77,37.95,37.45,37.93,254800
2342,2012-12-21,37.11,37.85,36.95,37.85,1625000
2343,2012-12-20,37.35,37.75,37.33,37.75,490000
2344,2012-12-19,37.27,37.56,36.96,37.39,567000
2345,2012-12-18,36.76,37.31,36.65,37.29,803200
2346,2012-12-17,36.32,36.83,36.2,36.83,536700
2347,2012-12-14,36.34,36.49,36.21,36.35,342700
2348,2012-12-13,36.84,36.98,36.42,36.45,628000
2349,2012-12-12,36.89,37.11,36.73,36.94,703600
2350,2012-12-11,36.55,37.03,36.55,36.69,886600
2351,2012-12-10,36.22,36.76,36.22,36.42,533000
2352,2012-12-07,35.99,36.29,35.75,36.29,583500
2353,2012-12-06,35.72,36.2,35.55,35.99,741800
2354,2012-12-05,36.25,36.34,35.46,35.8,649100
2355,2012-12-04,36.15,36.41,36.04,36.2,403100
2356,2012-12-03,36.69,36.69,36.06,36.16,562700
2357,2012-11-30,36.55,36.64,36.3,36.44,954500
2358,2012-11-29,36.9,36.99,36.41,36.6,560800
2359,2012-11-28,36.35,36.73,36.01,36.68,639600
2360,2012-11-27,36.67,36.75,36.27,36.43,705000
2361,2012-11-26,36.59,36.96,36.52,36.81,473300
2362,2012-11-23,36.27,36.75,36.25,36.71,298300
2363,2012-11-21,36.03,36.34,35.27,36.25,412800
2364,2012-11-20,35.74,36.03,35.55,35.93,568900
2365,2012-11-19,34.82,35.85,34.82,35.85,767700
2366,2012-11-16,34.25,34.7,33.89,34.65,1172200
2367,2012-11-15,34.54,35.08,34.06,34.16,1387800
2368,2012-11-14,35.09,35.17,34.29,34.46,884400
2369,2012-11-13,35.16,35.61,34.9,35.05,631500
2370,2012-11-12,35.48,35.66,35.19,35.47,447700
2371,2012-11-09,35.1,35.72,34.95,35.41,466000
2372,2012-11-08,35.51,35.78,35.01,35.16,604400
2373,2012-11-07,35.98,35.98,35.4,35.62,715900
2374,2012-11-06,35.99,36.41,35.81,36.2,607600
2375,2012-11-05,35.88,36.3,35.4,35.82,951600
2376,2012-11-02,36.35,36.48,35.76,35.9,829100
2377,2012-11-01,35.44,36.71,35.26,36.33,1225200
2378,2012-10-31,35.55,35.94,35.02,35.27,588100
2379,2012-10-26,35.65,35.65,35.02,35.3,394100
2380,2012-10-25,35.19,35.57,34.85,35.51,655900
2381,2012-10-24,35.68,35.68,34.97,35.0,696500
2382,2012-10-23,35.68,35.75,35.03,35.37,831900
2383,2012-10-22,35.83,36.13,35.66,35.89,572700
2384,2012-10-19,36.12,36.16,35.57,35.83,798500
2385,2012-10-18,36.14,36.38,36.1,36.22,879500
2386,2012-10-17,35.49,36.56,35.49,36.33,906400
2387,2012-10-16,34.8,36.96,34.5,36.26,2799100
2388,2012-10-15,35.46,35.77,35.07,35.6,1102500
2389,2012-10-12,35.51,35.66,35.09,35.19,937800
2390,2012-10-11,35.64,35.84,35.47,35.51,449200
2391,2012-10-10,35.66,35.71,35.31,35.4,354100
2392,2012-10-09,35.74,35.94,35.48,35.71,637600
2393,2012-10-08,35.54,35.89,35.38,35.69,1275500
2394,2012-10-05,36.05,36.38,35.91,36.04,736800
2395,2012-10-04,36.07,36.22,35.92,35.97,647500
2396,2012-10-03,35.8,36.04,35.76,35.8,866200
2397,2012-10-02,35.92,36.14,35.71,35.8,743300
2398,2012-10-01,36.23,36.53,35.39,35.68,1271100
2399,2012-09-28,35.96,36.68,35.74,36.3,1498000
2400,2012-09-27,35.49,36.13,35.21,36.05,1248400
2401,2012-09-26,35.13,35.69,34.9,35.42,1318100
2402,2012-09-25,35.13,35.47,34.97,35.15,1914000
2403,2012-09-24,34.92,35.38,34.19,34.95,2663800
2404,2012-09-21,33.96,34.7,33.6,33.75,2022200
2405,2012-09-20,32.75,33.09,32.58,33.04,629500
2406,2012-09-19,32.46,32.98,32.44,32.96,774700
2407,2012-09-18,31.93,32.53,31.93,32.35,1946900
2408,2012-09-17,32.69,32.8,32.08,32.1,737100
2409,2012-09-14,33.0,33.33,33.0,33.15,468200
2410,2012-09-13,32.23,33.31,32.05,32.97,923300
2411,2012-09-12,32.06,32.42,31.88,32.31,1155200
2412,2012-09-11,32.39,32.52,32.08,32.26,856700
2413,2012-09-10,32.63,32.9,32.26,32.44,1045500
2414,2012-09-07,33.31,33.55,33.02,33.27,1356000
2415,2012-09-06,32.47,33.21,32.47,32.9,922300
2416,2012-09-05,32.26,32.54,32.15,32.34,527300
2417,2012-09-04,31.99,32.31,31.78,32.25,651400
2418,2012-08-31,32.01,32.05,31.67,32.02,418100
2419,2012-08-30,31.84,31.86,31.62,31.73,503900
2420,2012-08-29,32.01,32.15,31.83,32.05,322600
2421,2012-08-28,32.0,32.17,31.71,31.98,333400
2422,2012-08-27,32.21,32.32,31.92,31.96,429400
2423,2012-08-24,31.81,32.14,31.69,32.1,562500
2424,2012-08-23,31.81,31.99,31.6,31.78,746000
2425,2012-08-22,31.82,31.89,31.53,31.75,1033800
2426,2012-08-21,31.9,32.29,31.82,31.94,649400
2427,2012-08-20,31.71,31.96,31.02,31.87,1810800
2428,2012-08-17,32.21,32.21,31.84,31.96,956500
2429,2012-08-16,32.07,32.63,32.0,32.16,1920900
2430,2012-08-15,31.61,32.12,31.59,32.11,1982500
2431,2012-08-14,31.43,31.73,31.31,31.69,1194300
2432,2012-08-13,31.12,31.54,31.02,31.26,1121600
2433,2012-08-10,30.23,30.7,30.13,30.67,771600
2434,2012-08-09,30.77,30.82,30.07,30.28,1086100
2435,2012-08-08,30.84,31.04,30.63,30.67,694500
2436,2012-08-07,30.94,31.22,30.71,30.95,696100
2437,2012-08-06,30.96,31.02,30.71,30.81,408100
2438,2012-08-03,31.0,31.14,30.74,30.85,624300
2439,2012-08-02,30.29,30.94,30.18,30.5,700700
2440,2012-08-01,30.9,31.0,30.48,30.59,521700
2441,2012-07-31,30.75,31.0,30.7,30.79,410400
2442,2012-07-30,30.82,30.82,30.4,30.76,707600
2443,2012-07-27,30.9,31.12,30.71,30.77,938600
2444,2012-07-26,30.67,30.99,30.43,30.65,882200
2445,2012-07-25,30.18,30.57,30.04,30.19,772800
2446,2012-07-24,30.56,30.62,29.82,30.17,586800
2447,2012-07-23,30.45,30.71,30.14,30.51,392600
2448,2012-07-20,30.64,30.89,30.23,30.7,787100
2449,2012-07-19,30.65,30.96,30.21,30.77,715700
2450,2012-07-18,30.07,31.0,29.99,30.56,1280200
2451,2012-07-17,29.54,30.91,29.54,30.07,1623000
2452,2012-07-16,29.02,29.17,28.61,29.06,633300
2453,2012-07-13,28.65,29.38,28.56,29.0,811300
2454,2012-07-12,28.13,28.8,27.88,28.61,854100
2455,2012-07-11,28.08,28.48,27.89,28.34,897000
2456,2012-07-10,28.1,28.36,27.78,27.91,317800
2457,2012-07-09,28.12,28.18,27.85,28.06,325000
2458,2012-07-06,28.28,28.32,28.09,28.24,426400
2459,2012-07-05,28.85,28.94,28.47,28.58,679300
2460,2012-07-03,28.1,28.96,28.0,28.95,477300
2461,2012-07-02,28.25,28.44,27.59,28.15,429700
2462,2012-06-29,27.8,28.3,27.66,28.24,714900
2463,2012-06-28,27.14,27.41,26.89,27.41,428400
2464,2012-06-27,27.23,27.6,27.18,27.31,275700
2465,2012-06-26,27.38,27.45,27.03,27.14,356600
2466,2012-06-25,27.23,27.5,26.98,27.34,522400
2467,2012-06-22,27.41,27.56,27.17,27.44,686800
2468,2012-06-21,27.97,28.12,27.23,27.25,526300
2469,2012-06-20,28.0,28.2,27.76,28.04,627100
2470,2012-06-19,28.05,28.12,27.72,27.83,420000
2471,2012-06-18,27.59,27.89,27.41,27.78,423200
2472,2012-06-15,27.82,27.86,27.44,27.69,589700
2473,2012-06-14,27.11,27.8,27.05,27.69,711400
2474,2012-06-13,27.42,27.42,26.98,27.05,321900
2475,2012-06-12,27.53,27.76,27.36,27.61,585600
2476,2012-06-11,27.81,27.84,27.37,27.44,562400
2477,2012-06-08,27.09,27.62,26.95,27.61,457000
2478,2012-06-07,27.13,27.33,26.94,27.07,338700
2479,2012-06-06,26.52,26.92,26.52,26.84,433700
2480,2012-06-05,26.11,26.44,26.01,26.39,399100
2481,2012-06-04,26.39,26.45,25.77,26.24,722000
2482,2012-06-01,26.29,26.48,26.25,26.29,478600
2483,2012-05-31,26.63,26.99,26.42,26.83,627200
2484,2012-05-30,27.08,27.12,26.65,26.66,557800
2485,2012-05-29,27.06,27.53,26.91,27.32,719500
2486,2012-05-25,27.07,27.12,26.82,26.95,366500
2487,2012-05-24,27.07,27.19,26.68,27.1,695500
2488,2012-05-23,26.87,27.11,26.47,27.08,673000
2489,2012-05-22,27.1,27.35,26.95,27.13,896000
2490,2012-05-21,26.66,27.3,26.59,27.17,569500
2491,2012-05-18,26.9,27.1,26.57,26.64,664600
2492,2012-05-17,27.57,27.59,26.77,26.77,619700
2493,2012-05-16,28.04,28.04,27.58,27.58,567800
2494,2012-05-15,27.82,28.06,27.76,27.92,517400
2495,2012-05-14,27.75,27.96,27.53,27.78,454800
2496,2012-05-11,28.16,28.33,27.86,27.96,474300
2497,2012-05-10,28.54,28.54,28.04,28.32,478800
2498,2012-05-09,28.1,28.53,27.93,28.33,638200
2499,2012-05-08,27.85,28.52,27.68,28.39,1106000
2500,2012-05-07,28.24,28.29,27.98,28.01,976000
2501,2012-05-04,28.89,28.89,28.33,28.39,593100
2502,2012-05-03,29.16,29.39,28.9,28.98,595600
2503,2012-05-02,29.05,29.22,28.86,28.99,532700
2504,2012-05-01,29.25,29.46,28.98,29.22,546400
2505,2012-04-30,29.54,29.54,29.09,29.19,656500
2506,2012-04-27,29.75,29.75,29.41,29.62,798900
2507,2012-04-26,29.63,29.74,29.32,29.59,383700
2508,2012-04-25,29.63,29.75,29.39,29.63,434400
2509,2012-04-24,29.13,29.59,29.12,29.33,665500
2510,2012-04-23,29.17,29.21,28.84,29.16,726600
2511,2012-04-20,29.13,29.56,29.08,29.44,619300
2512,2012-04-19,29.02,29.3,28.74,29.02,452000
2513,2012-04-18,28.99,29.31,28.54,28.89,656300
2514,2012-04-17,28.93,29.36,28.75,29.21,981100
2515,2012-04-16,28.81,28.98,28.59,28.8,746000
2516,2012-04-13,29.08,29.17,28.73,28.81,795100
2517,2012-04-12,29.01,29.17,28.73,29.09,879800
2518,2012-04-11,28.56,28.61,28.38,28.53,471100
2519,2012-04-10,28.95,28.99,28.22,28.22,613500
2520,2012-04-09,28.94,29.09,28.8,29.01,430400
2521,2012-04-05,29.39,29.64,29.25,29.35,272900
2522,2012-04-04,29.32,29.54,29.07,29.44,735200
2523,2012-04-03,29.47,29.79,29.37,29.61,584400
2524,2012-04-02,29.55,29.8,29.4,29.51,812400
2525,2012-03-30,29.81,29.96,29.42,29.59,542900
2526,2012-03-29,29.45,29.71,29.3,29.67,555400
2527,2012-03-28,29.78,29.81,29.13,29.65,668500
2528,2012-03-27,29.85,29.98,29.73,29.74,365800
2529,2012-03-26,29.85,30.0,29.54,29.79,584300
2530,2012-03-23,29.28,29.66,29.0,29.65,685200
2531,2012-03-22,29.54,29.54,29.01,29.31,539800
2532,2012-03-21,29.78,29.84,29.55,29.67,485000
2533,2012-03-20,29.6,29.89,29.42,29.8,463600
2534,2012-03-19,29.74,30.09,29.58,29.79,678100
2535,2012-03-16,29.71,29.98,29.62,29.71,1315100
2536,2012-03-15,29.71,29.91,29.51,29.81,962200
2537,2012-03-14,29.79,30.06,29.59,29.75,1183000
2538,2012-03-13,29.9,30.37,29.9,30.23,1394000
2539,2012-03-12,30.22,30.22,29.73,30.08,837200
2540,2012-03-09,30.44,30.62,30.09,30.2,752500
2541,2012-03-08,29.95,30.5,29.86,30.37,810800
2542,2012-03-07,29.39,29.87,29.3,29.77,485300
2543,2012-03-06,29.42,29.5,29.14,29.39,596800
2544,2012-03-05,29.84,29.98,29.54,29.65,545900
2545,2012-03-02,29.83,30.02,29.65,29.96,596800
2546,2012-03-01,29.75,29.95,29.6,29.76,541000
2547,2012-02-29,29.39,30.06,29.34,29.64,1077700
2548,2012-02-28,28.98,29.21,28.83,29.21,554300
2549,2012-02-27,28.74,29.14,28.51,28.94,1233200
2550,2012-02-24,29.14,29.32,28.88,28.93,520500
2551,2012-02-23,28.96,29.41,28.79,29.18,571600
2552,2012-02-22,29.37,29.37,28.58,28.89,1279800
2553,2012-02-21,29.47,29.95,29.25,29.37,383200
2554,2012-02-17,29.63,29.7,29.25,29.42,380500
2555,2012-02-16,29.4,29.8,29.01,29.57,767800
2556,2012-02-15,29.56,29.84,29.35,29.43,693500
2557,2012-02-14,29.49,29.51,29.24,29.46,391300
2558,2012-02-13,29.4,29.62,29.26,29.56,561500
2559,2012-02-10,29.0,29.19,28.77,29.04,477400
2560,2012-02-09,29.23,29.31,28.76,29.3,449100
2561,2012-02-08,28.92,29.26,28.88,29.12,488900
2562,2012-02-07,28.98,29.3,28.9,28.94,429300
2563,2012-02-06,28.87,29.02,28.7,28.98,438200
2564,2012-02-03,28.65,29.25,28.65,29.0,674700
2565,2012-02-02,28.42,28.67,28.3,28.32,407600
2566,2012-02-01,28.31,28.92,28.24,28.34,520700
2567,2012-01-31,28.43,28.55,27.93,28.14,550400
2568,2012-01-30,28.04,28.46,27.68,28.33,588600
2569,2012-01-27,28.07,28.52,27.97,28.28,622700
2570,2012-01-26,28.01,28.36,27.97,28.17,769900
2571,2012-01-25,28.39,28.39,27.71,27.9,931800
2572,2012-01-24,27.57,28.26,26.97,28.21,1506200
2573,2012-01-23,26.95,27.0,26.19,26.64,783700
2574,2012-01-20,26.44,26.85,26.33,26.84,869500
2575,2012-01-19,26.1,26.7,26.1,26.58,628700
2576,2012-01-18,25.99,26.18,25.85,26.04,1193100
2577,2012-01-17,26.17,26.6,26.02,26.07,601100
2578,2012-01-13,26.25,26.45,26.01,26.15,674500
2579,2012-01-12,26.16,26.55,26.06,26.48,1087300
2580,2012-01-11,26.35,26.71,26.35,26.58,443500
2581,2012-01-10,26.4,26.62,26.3,26.48,999900
2582,2012-01-09,25.85,26.15,25.63,26.1,846000
2583,2012-01-06,25.29,25.94,25.11,25.77,951900
2584,2012-01-05,24.96,25.6,24.82,25.25,909100
2585,2012-01-04,25.05,25.27,24.92,25.0,1172400
2586,2012-01-03,25.62,25.92,25.1,25.19,1062700
2587,2011-12-30,25.04,25.3,25.01,25.24,424200
2588,2011-12-29,24.97,25.31,24.9,25.07,320300
2589,2011-12-28,25.19,25.25,24.84,24.9,434200
2590,2011-12-27,24.89,25.27,24.79,25.2,459600
2591,2011-12-23,24.97,25.03,24.8,25.03,253100
2592,2011-12-22,24.48,24.89,24.39,24.85,955500
2593,2011-12-21,24.41,24.55,24.16,24.39,461700
2594,2011-12-20,24.34,24.76,24.3,24.5,588100
2595,2011-12-19,24.28,24.38,23.84,23.89,742900
2596,2011-12-16,24.49,24.68,23.95,24.13,1360800
2597,2011-12-15,24.12,24.42,24.0,24.23,861800
2598,2011-12-14,23.85,24.09,23.62,23.88,879200
2599,2011-12-13,24.5,24.81,23.8,23.94,1101400
2600,2011-12-12,24.46,24.59,24.05,24.33,663600
2601,2011-12-09,24.6,24.95,24.6,24.78,1367500
2602,2011-12-08,25.05,25.15,24.51,24.58,841200
2603,2011-12-07,25.35,25.46,24.82,25.29,859800
2604,2011-12-06,25.7,25.89,25.49,25.57,449200
2605,2011-12-05,26.23,26.25,25.62,25.85,694800
2606,2011-12-02,25.8,26.0,25.66,25.76,809700
2607,2011-12-01,25.9,26.16,25.44,25.47,819300
2608,2011-11-30,25.82,26.31,25.75,26.01,925100
2609,2011-11-29,25.25,25.55,25.01,25.11,336800
2610,2011-11-28,25.03,25.31,24.92,25.14,388600
2611,2011-11-25,24.24,24.72,24.23,24.46,276200
2612,2011-11-23,24.69,24.74,24.09,24.29,563300
2613,2011-11-22,25.19,25.48,24.86,24.97,810500
2614,2011-11-21,25.07,25.42,24.87,25.26,671400
2615,2011-11-18,25.32,25.65,25.05,25.5,549800
2616,2011-11-17,25.7,25.87,24.91,25.17,960200
2617,2011-11-16,25.82,26.41,25.59,25.82,470600
2618,2011-11-15,25.97,26.26,25.85,26.09,566700
2619,2011-11-14,26.45,26.52,25.85,26.11,422600
2620,2011-11-11,26.46,26.79,26.46,26.6,463600
2621,2011-11-10,26.18,26.27,25.72,26.13,592000
2622,2011-11-09,26.21,26.27,25.54,25.75,621900
2623,2011-11-08,26.69,26.91,26.09,26.7,910500
2624,2011-11-07,26.28,26.48,25.89,26.43,447000
2625,2011-11-04,25.91,26.5,25.65,26.28,412900
2626,2011-11-03,25.81,26.29,25.72,26.2,681900
2627,2011-11-02,25.81,26.14,25.51,25.77,439100
2628,2011-11-01,25.22,25.62,25.05,25.37,657300
2629,2011-10-31,26.12,26.56,25.83,26.08,507400
2630,2011-10-28,26.77,26.92,26.14,26.56,715200
2631,2011-10-27,26.8,27.16,26.58,26.89,684200
2632,2011-10-26,26.18,26.18,25.22,25.84,577700
2633,2011-10-25,26.04,26.22,25.68,25.75,454800
2634,2011-10-24,26.15,26.58,26.12,26.38,818900
2635,2011-10-21,25.7,26.06,25.35,25.99,1017300
2636,2011-10-20,25.04,25.46,24.64,25.4,890200
2637,2011-10-19,25.2,25.63,24.92,25.07,873200
2638,2011-10-18,24.91,25.76,24.07,25.29,1458400
2639,2011-10-17,25.5,25.51,24.5,24.66,1402200
2640,2011-10-14,25.75,25.91,25.36,25.71,992600
2641,2011-10-13,25.11,25.4,24.88,25.34,637500
2642,2011-10-12,25.4,25.55,25.18,25.36,832700
2643,2011-10-11,25.07,25.49,24.96,25.16,506700
2644,2011-10-10,24.83,25.39,24.75,25.39,717800
2645,2011-10-07,24.58,25.0,24.21,24.33,1243000
2646,2011-10-06,23.63,24.59,23.46,24.52,1020200
2647,2011-10-05,23.08,23.81,22.72,23.72,1061100
2648,2011-10-04,22.28,22.97,21.75,22.96,1100000
2649,2011-10-03,23.27,23.66,22.52,22.54,1271000
2650,2011-09-30,23.88,24.17,23.3,23.3,1218500
2651,2011-09-29,24.94,25.02,23.85,24.38,914700
2652,2011-09-28,25.5,25.67,24.34,24.4,715500
2653,2011-09-27,25.32,25.94,25.2,25.48,732800
2654,2011-09-26,24.66,24.88,24.1,24.63,826300
2655,2011-09-23,24.34,24.67,24.18,24.59,736800
2656,2011-09-22,24.68,24.91,24.06,24.41,1295500
2657,2011-09-21,26.41,26.68,25.45,25.46,797700
2658,2011-09-20,26.86,27.14,26.37,26.4,1338500
2659,2011-09-19,26.59,26.87,26.24,26.7,584100
2660,2011-09-16,26.64,27.15,26.56,27.14,943200
2661,2011-09-15,26.25,26.7,26.03,26.65,719000
2662,2011-09-14,26.05,26.3,25.41,26.03,708900
2663,2011-09-13,25.49,25.99,25.19,25.83,681500
2664,2011-09-12,25.21,25.58,24.9,25.53,798700
2665,2011-09-09,25.47,25.71,25.22,25.57,977400
2666,2011-09-08,25.65,26.12,25.55,25.8,962500
2667,2011-09-07,25.74,25.95,25.54,25.91,766200
2668,2011-09-06,24.12,25.37,24.1,25.29,1797700
2669,2011-09-02,24.7,25.08,24.54,24.75,1304300
2670,2011-09-01,25.29,25.56,25.04,25.24,1022000
2671,2011-08-31,25.27,25.7,25.13,25.35,776500
2672,2011-08-30,24.58,25.22,24.58,25.05,614500
2673,2011-08-29,24.19,24.74,24.09,24.74,348600
2674,2011-08-26,23.18,23.93,22.89,23.82,731500
2675,2011-08-25,24.21,24.32,23.27,23.35,795800
2676,2011-08-24,23.28,24.03,23.14,23.99,728700
2677,2011-08-23,22.84,23.34,22.56,23.29,1179700
2678,2011-08-22,23.38,23.43,22.66,22.77,1012800
2679,2011-08-19,22.41,22.92,22.39,22.77,1330400
2680,2011-08-18,23.34,23.43,22.54,22.7,1104500
2681,2011-08-17,24.08,24.3,23.98,24.05,1061700
2682,2011-08-16,23.55,24.16,23.5,23.86,1384800
2683,2011-08-15,23.47,23.81,23.36,23.8,721500
2684,2011-08-12,23.14,23.54,22.88,23.26,891900
2685,2011-08-11,22.13,23.23,21.9,22.94,934800
2686,2011-08-10,22.04,22.7,21.82,22.0,2415100
2687,2011-08-09,21.79,22.58,21.44,22.58,2422400
2688,2011-08-08,22.33,22.78,21.05,21.28,2645500
2689,2011-08-05,23.64,23.82,22.77,23.3,2485300
2690,2011-08-04,25.37,25.38,23.22,23.33,3486800
2691,2011-08-03,25.91,26.09,25.55,25.81,1285900
2692,2011-08-02,26.36,26.56,25.82,25.85,818400
2693,2011-08-01,27.02,27.02,26.39,26.57,900600
2694,2011-07-29,26.28,26.82,26.11,26.67,842100
2695,2011-07-28,26.98,27.1,26.54,26.62,791500
2696,2011-07-27,27.28,27.28,26.71,26.84,1124400
2697,2011-07-26,27.77,27.77,27.37,27.54,626600
2698,2011-07-25,27.68,27.85,27.56,27.73,742200
2699,2011-07-22,28.12,28.15,27.74,28.0,770100
2700,2011-07-21,27.84,28.42,27.74,28.17,1202300
2701,2011-07-20,27.44,27.84,27.31,27.78,1317800
2702,2011-07-19,27.68,28.32,27.16,27.46,1038000
2703,2011-07-18,27.65,27.74,27.04,27.11,1157500
2704,2011-07-15,27.77,27.77,27.36,27.68,919900
2705,2011-07-14,28.09,28.12,27.42,27.59,1250300
2706,2011-07-13,28.1,28.45,28.01,28.06,1117500
2707,2011-07-12,28.16,28.25,27.82,27.89,1018000
2708,2011-07-11,28.44,28.55,28.11,28.25,683800
2709,2011-07-08,28.55,28.83,28.51,28.82,623600
2710,2011-07-07,28.97,29.19,28.87,28.95,984600
2711,2011-07-06,28.28,28.81,28.24,28.73,986500
2712,2011-07-05,28.66,28.75,28.22,28.33,1241100
2713,2011-07-01,28.06,28.88,28.04,28.7,1294000
2714,2011-06-30,27.64,28.05,27.58,27.99,1489600
2715,2011-06-29,27.74,27.74,27.29,27.53,988900
2716,2011-06-28,27.45,27.65,27.32,27.54,1315500
2717,2011-06-27,27.1,27.62,27.1,27.3,681700
2718,2011-06-24,27.23,27.4,27.03,27.14,1468500
2719,2011-06-23,26.84,27.31,26.66,27.21,1145600
2720,2011-06-22,27.07,27.47,26.97,27.22,1621100
2721,2011-06-21,27.05,27.69,27.0,27.13,2080200
2722,2011-06-20,26.63,26.82,26.26,26.33,2782500
2723,2011-06-17,27.22,27.29,26.59,26.62,3023000
2724,2011-06-16,27.24,27.42,26.63,26.9,2776600
2725,2011-06-15,28.83,29.01,27.27,27.3,2378000
2726,2011-06-14,28.81,29.25,28.68,29.15,1185400
2727,2011-06-13,28.54,28.77,28.22,28.54,1657400
2728,2011-06-10,28.95,29.01,28.52,28.75,901300
2729,2011-06-09,28.42,29.13,28.31,29.03,1166000
2730,2011-06-08,28.55,28.56,28.17,28.41,2295400
2731,2011-06-07,28.43,28.87,28.12,28.49,3306900
2732,2011-06-06,27.19,27.26,26.61,26.83,1116500
2733,2011-06-03,27.37,27.57,27.21,27.25,838600
2734,2011-06-02,28.35,28.45,27.84,27.89,798600
2735,2011-06-01,29.08,29.17,28.27,28.3,489100
2736,2011-05-31,28.91,29.1,28.61,29.1,778400
2737,2011-05-27,28.69,28.88,28.51,28.64,550100
2738,2011-05-26,28.32,28.65,28.17,28.54,621900
2739,2011-05-25,28.21,28.57,28.11,28.48,556100
2740,2011-05-24,28.35,28.52,28.14,28.21,711300
2741,2011-05-23,28.56,28.62,28.15,28.26,1122800
2742,2011-05-20,29.01,29.12,28.7,28.89,677700
2743,2011-05-19,29.14,29.2,28.88,29.01,494700
2744,2011-05-18,28.47,29.08,28.41,29.02,1243900
2745,2011-05-17,28.86,29.07,28.32,28.53,954700
2746,2011-05-16,28.92,29.28,28.86,29.03,575400
2747,2011-05-13,29.61,29.88,28.84,29.07,869900
2748,2011-05-12,29.15,29.76,29.1,29.6,962000
2749,2011-05-11,29.15,29.27,29.09,29.23,990200
2750,2011-05-10,28.79,29.36,28.7,29.14,1247600
2751,2011-05-09,28.43,28.8,28.17,28.77,511600
2752,2011-05-06,28.47,28.67,28.21,28.39,816800
2753,2011-05-05,27.84,28.41,27.71,28.09,645700
2754,2011-05-04,28.21,28.28,27.71,28.06,967800
2755,2011-05-03,28.4,28.51,27.85,28.2,726000
2756,2011-05-02,28.57,28.74,28.4,28.5,873300
2757,2011-04-29,28.5,28.59,28.05,28.53,812000
2758,2011-04-28,28.1,28.63,28.07,28.5,1376500
2759,2011-04-27,27.97,28.23,27.48,28.2,1349200
2760,2011-04-26,27.56,27.95,27.43,27.85,789100
2761,2011-04-25,27.89,27.89,27.03,27.48,1635000
2762,2011-04-21,28.0,28.09,27.53,27.89,1576300
2763,2011-04-20,29.3,29.3,27.8,27.89,2374000
2764,2011-04-19,27.78,29.19,27.24,28.86,4086500
2765,2011-04-18,27.88,28.02,27.34,27.57,1558000
2766,2011-04-15,27.96,28.46,27.91,28.17,1555400
2767,2011-04-14,27.7,28.03,27.56,27.85,692800
2768,2011-04-13,27.95,28.06,27.54,27.95,802100
2769,2011-04-12,27.86,28.32,27.61,27.74,720600
2770,2011-04-11,28.37,28.46,27.83,27.91,686700
2771,2011-04-08,28.75,28.82,28.13,28.46,553200
2772,2011-04-07,28.88,28.99,28.5,28.65,762800
2773,2011-04-06,29.09,29.2,28.45,28.85,1008300
2774,2011-04-05,29.21,29.28,28.84,28.9,931000
2775,2011-04-04,29.23,29.43,29.03,29.33,771900
2776,2011-04-01,29.03,29.41,28.91,29.13,890000
2777,2011-03-31,28.7,29.02,28.59,28.89,750100
2778,2011-03-30,28.27,28.9,28.22,28.8,780400
2779,2011-03-29,27.69,28.24,27.5,28.1,582700
2780,2011-03-28,27.88,28.15,27.72,27.74,488300
2781,2011-03-25,27.69,28.17,27.52,27.76,699400
2782,2011-03-24,27.93,27.95,27.46,27.67,410500
2783,2011-03-23,27.47,27.76,27.25,27.63,326000
2784,2011-03-22,27.89,27.9,27.49,27.54,388800
2785,2011-03-21,27.63,27.95,27.59,27.83,553200
2786,2011-03-18,27.29,27.34,26.93,27.29,738400
2787,2011-03-17,27.46,27.6,26.89,27.01,766300
2788,2011-03-16,27.34,27.58,26.81,26.98,999500
2789,2011-03-15,26.49,27.6,25.96,27.34,1045800
2790,2011-03-14,27.25,27.5,26.9,27.3,654400
2791,2011-03-11,27.4,27.73,27.15,27.4,780200
2792,2011-03-10,27.94,27.95,27.36,27.54,1399600
2793,2011-03-09,28.26,28.85,27.75,28.25,1639700
2794,2011-03-08,28.4,28.83,28.23,28.26,639300
2795,2011-03-07,28.94,29.25,28.13,28.37,787600
2796,2011-03-04,28.73,28.79,28.5,28.67,727300
2797,2011-03-03,28.49,29.09,28.43,28.77,812100
2798,2011-03-02,28.02,28.37,27.97,28.16,793100
2799,2011-03-01,28.92,29.13,27.92,28.05,1147700
2800,2011-02-28,29.23,29.23,28.52,28.79,762600
2801,2011-02-25,29.07,29.22,28.83,29.08,645700
2802,2011-02-24,28.83,29.25,28.57,28.85,893700
2803,2011-02-23,29.04,29.5,28.49,28.8,1110000
2804,2011-02-22,29.51,29.51,28.91,28.98,712800
2805,2011-02-18,30.69,30.69,29.85,29.95,692400
2806,2011-02-17,30.1,30.66,29.94,30.19,1545200
2807,2011-02-16,29.49,30.5,29.49,30.27,1105200
2808,2011-02-15,28.99,29.67,28.87,29.46,865900
2809,2011-02-14,29.09,29.35,28.49,29.15,1028800
2810,2011-02-11,28.76,29.13,28.58,29.09,521000
2811,2011-02-10,28.85,29.17,28.59,28.7,420900
2812,2011-02-09,28.76,29.13,28.55,28.98,427100
2813,2011-02-08,28.77,29.32,28.76,28.88,601200
2814,2011-02-07,28.58,28.88,28.37,28.74,432300
2815,2011-02-04,28.75,28.75,28.18,28.55,618600
2816,2011-02-03,28.81,29.36,28.73,28.76,1309300
2817,2011-02-02,28.3,28.77,28.11,28.74,839300
2818,2011-02-01,28.55,29.23,28.29,28.43,1128600
2819,2011-01-31,28.19,28.47,28.01,28.25,581500
2820,2011-01-28,28.85,28.85,27.97,28.02,948600
2821,2011-01-27,28.5,29.06,28.5,28.83,1273100
2822,2011-01-26,28.05,28.82,28.02,28.55,1192300
2823,2011-01-25,28.0,28.6,27.5,27.92,1868100
2824,2011-01-24,29.0,29.5,28.71,28.89,1530300
2825,2011-01-21,28.0,28.73,27.9,28.39,929700
2826,2011-01-20,28.28,28.51,27.71,27.81,738100
2827,2011-01-19,28.4,28.76,28.27,28.46,1158100
2828,2011-01-18,28.58,28.7,28.09,28.41,951100
2829,2011-01-14,28.5,28.9,28.33,28.64,649100
2830,2011-01-13,28.5,28.67,28.32,28.46,552400
2831,2011-01-12,28.19,28.72,28.09,28.51,1061500
2832,2011-01-11,27.78,28.1,27.74,28.07,670900
2833,2011-01-10,27.45,27.82,27.25,27.75,916100
2834,2011-01-07,27.18,27.6,27.14,27.51,761900
2835,2011-01-06,27.16,27.31,26.87,27.25,592900
2836,2011-01-05,26.15,27.1,26.08,27.09,985700
2837,2011-01-04,26.45,26.52,26.07,26.22,1238100
2838,2011-01-03,26.12,26.75,26.12,26.38,994900
2839,2010-12-31,25.86,26.13,25.82,25.84,345100
2840,2010-12-30,25.86,26.17,25.85,25.92,702700
2841,2010-12-29,25.94,25.94,25.76,25.85,460800
2842,2010-12-28,25.88,25.88,25.64,25.83,396500
2843,2010-12-27,25.68,25.9,25.55,25.77,306400
2844,2010-12-23,25.9,26.01,25.65,25.73,329500
2845,2010-12-22,26.05,26.17,25.8,25.9,495600
2846,2010-12-21,26.04,26.2,25.84,25.98,548500
2847,2010-12-20,25.88,26.01,25.72,25.77,553600
2848,2010-12-17,26.04,26.21,25.67,25.8,870400
2849,2010-12-16,25.91,26.01,25.7,25.89,562000
2850,2010-12-15,26.7,26.72,25.81,25.86,1222400
2851,2010-12-14,26.67,27.08,26.58,26.79,978700
2852,2010-12-13,26.51,26.81,26.43,26.6,858000
2853,2010-12-10,26.81,26.88,26.42,26.6,898200
2854,2010-12-09,26.57,26.84,26.47,26.6,863500
2855,2010-12-08,26.31,26.44,25.94,26.35,618100
2856,2010-12-07,26.65,26.74,26.18,26.25,811700
2857,2010-12-06,26.75,26.86,26.44,26.48,441400
2858,2010-12-03,26.78,27.0,26.64,26.76,635700
2859,2010-12-02,26.26,26.9,26.19,26.9,750800
2860,2010-12-01,26.1,26.43,26.02,26.18,739200
2861,2010-11-30,25.86,25.86,25.26,25.65,1033800
2862,2010-11-29,25.83,26.25,25.36,26.14,394400
2863,2010-11-26,26.07,26.27,25.99,26.09,160000
2864,2010-11-24,25.98,26.34,25.97,26.25,554200
2865,2010-11-23,25.9,25.92,25.41,25.81,1018000
2866,2010-11-22,25.46,26.26,25.23,26.24,1014800
2867,2010-11-19,25.31,25.57,25.08,25.54,530300
2868,2010-11-18,25.11,25.63,25.05,25.34,524300
2869,2010-11-17,24.98,25.18,24.8,24.86,1009900
2870,2010-11-16,24.87,25.09,24.72,24.98,1094800
2871,2010-11-15,25.16,25.43,25.03,25.07,691200
2872,2010-11-12,25.28,25.45,24.94,25.12,667100
2873,2010-11-11,25.17,25.59,25.11,25.57,536000
2874,2010-11-10,25.3,25.45,24.75,25.38,2605600
2875,2010-11-09,25.67,25.67,25.11,25.29,719500
2876,2010-11-08,25.81,25.86,25.51,25.74,490300
2877,2010-11-05,25.63,26.19,25.54,25.93,974700
2878,2010-11-04,25.24,25.63,25.18,25.61,915400
2879,2010-11-03,24.96,25.08,24.71,24.89,757600
2880,2010-11-02,25.0,25.1,24.87,24.98,577800
2881,2010-11-01,24.56,24.87,24.46,24.74,642300
2882,2010-10-29,24.4,24.65,24.25,24.43,546800
2883,2010-10-28,24.59,24.75,24.31,24.54,633300
2884,2010-10-27,24.11,24.47,23.94,24.46,733800
2885,2010-10-26,24.15,24.43,23.9,24.34,1546900
2886,2010-10-25,24.25,24.58,24.15,24.38,822400
2887,2010-10-22,23.69,24.17,23.59,24.1,898900
2888,2010-10-21,24.06,24.22,23.45,23.64,751100
2889,2010-10-20,23.38,24.26,23.31,23.92,761300
2890,2010-10-19,23.75,24.22,23.12,23.24,1941600
2891,2010-10-18,24.15,24.38,23.89,24.35,869400
2892,2010-10-15,24.14,24.6,24.07,24.16,1089200
2893,2010-10-14,23.84,24.18,23.7,23.9,952200
2894,2010-10-13,23.32,24.1,23.07,23.8,1605300
2895,2010-10-12,23.26,23.42,23.02,23.15,1118400
2896,2010-10-11,22.92,23.44,22.9,23.25,877900
2897,2010-10-08,23.14,23.29,22.84,22.93,888300
2898,2010-10-07,23.61,23.67,22.82,23.15,695100
2899,2010-10-06,23.53,23.6,23.2,23.43,479400
2900,2010-10-05,23.2,23.79,23.17,23.53,759000
2901,2010-10-04,23.36,23.58,22.68,22.91,476100
2902,2010-10-01,23.26,23.77,23.26,23.33,905300
2903,2010-09-30,23.39,23.57,22.97,23.17,724000
2904,2010-09-29,23.3,23.41,23.07,23.22,381000
2905,2010-09-28,23.33,23.44,22.77,23.35,571500
2906,2010-09-27,23.01,23.49,22.97,23.21,823400
2907,2010-09-24,22.75,23.26,22.75,23.04,621200
2908,2010-09-23,22.27,22.61,22.04,22.41,1252000
2909,2010-09-22,22.58,22.93,22.21,22.4,1577600
2910,2010-09-21,23.08,23.25,22.75,22.83,1326200
2911,2010-09-20,22.73,23.44,21.57,23.19,4501900
2912,2010-09-17,24.28,24.4,24.07,24.35,760200
2913,2010-09-16,24.05,24.5,24.05,24.17,846600
2914,2010-09-15,23.61,24.09,23.55,24.04,738500
2915,2010-09-14,23.77,23.83,23.44,23.64,953200
2916,2010-09-13,23.9,24.2,23.74,23.87,593900
2917,2010-09-10,23.49,24.1,23.46,23.67,962500
2918,2010-09-09,23.68,23.79,23.37,23.49,376200
2919,2010-09-08,23.66,23.76,23.22,23.27,622300
2920,2010-09-07,24.02,24.04,23.43,23.72,512600
2921,2010-09-03,24.0,24.15,23.91,24.02,557200
2922,2010-09-02,23.19,23.75,23.0,23.7,437800
2923,2010-09-01,22.74,23.21,22.7,23.18,490300
2924,2010-08-31,22.2,22.67,22.13,22.29,478400
2925,2010-08-30,22.8,22.91,22.3,22.3,391200
2926,2010-08-27,22.53,23.03,22.1,22.94,889600
2927,2010-08-26,22.65,22.88,22.21,22.32,518800
2928,2010-08-25,21.99,22.62,21.72,22.55,699500
2929,2010-08-24,22.02,22.36,21.86,22.16,843300
2930,2010-08-23,23.15,23.31,22.37,22.4,598000
2931,2010-08-20,22.73,23.09,22.64,23.06,537000
2932,2010-08-19,23.29,23.37,22.78,22.85,533200
2933,2010-08-18,23.9,23.9,23.02,23.39,1293400
2934,2010-08-17,23.21,24.26,22.96,23.89,1355700
2935,2010-08-16,22.92,23.21,22.76,22.89,730900
2936,2010-08-13,23.18,23.33,23.0,23.02,559900
2937,2010-08-12,22.81,23.4,22.66,23.27,837200
2938,2010-08-11,23.58,23.58,23.02,23.15,747300
2939,2010-08-10,24.07,24.11,23.67,24.01,848100
2940,2010-08-09,24.21,24.55,24.2,24.34,653100
2941,2010-08-06,24.0,24.5,23.91,24.04,1157700
2942,2010-08-05,24.39,24.68,24.18,24.36,518100
2943,2010-08-04,24.45,24.78,24.22,24.5,699400
2944,2010-08-03,24.95,24.99,24.32,24.36,862600
2945,2010-08-02,24.26,25.13,24.23,25.04,1077600
2946,2010-07-30,23.66,24.16,23.54,24.0,742400
2947,2010-07-29,24.35,24.45,23.62,23.94,1047400
2948,2010-07-28,24.77,24.77,23.96,24.21,1323500
2949,2010-07-27,25.46,25.5,24.7,24.77,1024000
2950,2010-07-26,25.27,25.43,24.99,25.43,802400
2951,2010-07-23,24.31,25.19,24.07,25.07,910800
2952,2010-07-22,24.74,24.94,24.35,24.49,1237300
2953,2010-07-21,24.77,24.92,24.04,24.32,1794400
2954,2010-07-20,22.66,24.73,22.66,24.7,3100600
2955,2010-07-19,22.89,23.17,22.35,22.92,1111900
2956,2010-07-16,22.99,23.12,22.61,22.74,1540400
2957,2010-07-15,22.92,23.19,22.55,23.1,1059900
2958,2010-07-14,22.76,23.12,22.45,22.85,1182300
2959,2010-07-13,22.06,22.84,22.06,22.8,1297600
2960,2010-07-12,22.3,22.46,21.74,21.83,1467600
2961,2010-07-09,22.15,22.5,22.12,22.45,937300
2962,2010-07-08,22.21,22.38,21.81,22.13,998100
2963,2010-07-07,21.33,22.02,21.25,22.02,570600
2964,2010-07-06,21.85,22.01,21.19,21.33,826800
2965,2010-07-02,22.18,22.23,21.42,21.46,768100
2966,2010-07-01,22.0,22.36,21.74,22.08,1411800
2967,2010-06-30,21.75,22.37,21.58,22.02,1750300
2968,2010-06-29,22.1,22.1,21.4,21.73,1424200
2969,2010-06-28,22.41,22.53,22.02,22.12,1098100
2970,2010-06-25,22.18,22.52,22.11,22.32,1332000
2971,2010-06-24,22.41,22.56,22.11,22.16,965000
2972,2010-06-23,22.66,22.86,22.3,22.62,1079000
2973,2010-06-22,23.5,23.6,22.8,22.8,1180800
2974,2010-06-21,23.64,24.08,23.33,23.51,1868800
2975,2010-06-18,23.36,23.49,23.14,23.27,975200
2976,2010-06-17,23.3,23.5,23.03,23.25,556500
2977,2010-06-16,23.5,23.51,23.1,23.3,818000
2978,2010-06-15,22.87,23.59,22.82,23.5,1812300
2979,2010-06-14,23.2,23.2,22.48,22.56,1877300
2980,2010-06-11,21.8,22.46,21.8,22.38,2120700
2981,2010-06-10,21.05,21.52,21.0,21.5,848300
2982,2010-06-09,21.01,21.1,20.67,20.8,830000
2983,2010-06-08,20.64,20.83,20.51,20.8,907800
2984,2010-06-07,21.23,21.28,20.58,20.58,937900
2985,2010-06-04,21.67,21.95,21.12,21.24,753200
2986,2010-06-03,21.74,22.52,21.72,22.14,550600
2987,2010-06-02,21.43,21.91,21.31,21.91,562300
2988,2010-06-01,21.92,22.28,21.27,21.27,854000
2989,2010-05-28,22.15,22.34,21.56,22.14,969400
2990,2010-05-27,21.34,22.24,21.15,22.22,919600
2991,2010-05-26,20.75,21.44,20.75,20.93,933900
2992,2010-05-25,20.41,20.68,20.0,20.6,1984000
2993,2010-05-24,21.33,21.74,20.99,21.02,713600
2994,2010-05-21,20.95,21.65,20.59,21.41,1166300
2995,2010-05-20,21.92,22.07,21.23,21.28,1437300
2996,2010-05-19,22.74,22.83,22.07,22.44,671200
2997,2010-05-18,23.07,23.3,22.79,22.89,1089900
2998,2010-05-17,23.25,23.6,22.55,22.82,1154800
2999,2010-05-14,23.18,23.22,22.68,22.97,573600
3000,2010-05-13,23.52,23.69,23.22,23.34,571600
3001,2010-05-12,22.85,23.63,22.75,23.52,758400
3002,2010-05-11,22.5,22.93,22.46,22.71,835400
3003,2010-05-10,23.18,23.34,22.46,22.73,1250500
3004,2010-05-07,22.58,22.86,21.95,22.14,2112100
3005,2010-05-06,23.65,23.89,20.3,22.61,1580600
3006,2010-05-05,23.97,24.22,23.38,23.87,849700
3007,2010-05-04,24.91,24.91,24.15,24.21,1096900
3008,2010-05-03,24.92,25.26,24.52,25.21,620700
3009,2010-04-30,25.33,25.56,24.69,24.73,899300
3010,2010-04-29,25.01,25.3,25.01,25.25,794200
3011,2010-04-28,25.07,25.18,24.64,24.78,901200
3012,2010-04-27,25.7,26.0,24.92,25.0,743300
3013,2010-04-26,26.24,26.48,25.78,25.8,713700
3014,2010-04-23,25.8,26.25,25.75,26.25,731600
3015,2010-04-22,25.09,25.88,24.91,25.69,820700
3016,2010-04-21,24.86,25.34,24.8,25.3,1005000
3017,2010-04-20,24.12,25.7,24.03,24.74,1667700
3018,2010-04-19,25.21,25.39,24.53,24.68,1631400
3019,2010-04-16,24.75,25.39,24.68,25.32,1621200
3020,2010-04-15,24.72,25.06,24.63,24.88,943500
3021,2010-04-14,24.49,24.9,24.3,24.85,998500
3022,2010-04-13,24.34,24.47,24.04,24.31,1200800
3023,2010-04-12,24.86,24.9,24.14,24.34,953100
3024,2010-04-09,24.68,24.99,24.24,24.89,1034300
3025,2010-04-08,24.39,24.69,24.09,24.67,637100
3026,2010-04-07,24.95,25.03,24.36,24.5,1239600
3027,2010-04-06,25.11,25.19,24.87,25.09,652800
3028,2010-04-05,24.9,25.2,24.69,25.2,441000
3029,2010-04-01,24.72,25.08,24.56,24.77,574700
3030,2010-03-31,24.48,24.74,24.27,24.61,808200
3031,2010-03-30,24.68,24.75,24.3,24.62,434000
3032,2010-03-29,24.36,24.76,24.34,24.59,602800
3033,2010-03-26,24.35,24.66,24.23,24.31,730600
3034,2010-03-25,25.14,25.4,24.28,24.34,1318100
3035,2010-03-24,25.05,25.19,24.71,25.0,636100
3036,2010-03-23,25.09,25.31,24.88,25.26,611200
3037,2010-03-22,24.55,25.43,24.49,25.07,679200
3038,2010-03-19,24.78,25.41,24.67,24.78,690200
3039,2010-03-18,25.54,25.54,24.94,25.29,888700
3040,2010-03-17,25.18,25.83,25.07,25.46,1370200
3041,2010-03-16,24.53,25.05,24.43,25.04,919000
3042,2010-03-15,24.29,24.37,23.87,24.36,1152400
3043,2010-03-12,24.44,24.44,23.96,24.29,803000
3044,2010-03-11,24.06,24.29,23.85,24.28,647000
3045,2010-03-10,24.31,24.56,23.98,24.29,1115600
3046,2010-03-09,24.44,24.88,24.26,24.37,549200
3047,2010-03-08,24.55,24.69,24.37,24.5,384100
3048,2010-03-05,24.58,24.79,24.47,24.61,386000
3049,2010-03-04,24.6,24.73,24.16,24.4,383000
3050,2010-03-03,24.36,24.66,24.23,24.52,721500
3051,2010-03-02,24.41,24.65,24.31,24.37,857600
3052,2010-03-01,23.82,24.49,23.78,24.39,1089200
3053,2010-02-26,24.15,24.26,23.58,23.8,618000
3054,2010-02-25,23.35,24.17,23.18,24.15,1124000
3055,2010-02-24,23.47,23.85,23.23,23.69,903100
3056,2010-02-23,22.53,23.69,22.53,23.33,1571700
3057,2010-02-22,22.73,22.73,22.05,22.46,1263800
3058,2010-02-19,22.8,23.05,22.63,22.72,595200
3059,2010-02-18,22.4,23.08,22.26,22.89,1021900
3060,2010-02-17,22.43,22.93,22.23,22.46,716500
3061,2010-02-16,21.78,22.3,21.77,22.24,786100
3062,2010-02-12,21.27,21.6,20.86,21.6,493900
3063,2010-02-11,21.27,21.5,21.13,21.5,354200
3064,2010-02-10,21.46,21.68,21.05,21.26,436200
3065,2010-02-09,21.66,21.98,21.29,21.57,1178700
3066,2010-02-08,21.41,21.81,21.16,21.37,887000
3067,2010-02-05,20.89,21.43,20.63,21.39,1074400
3068,2010-02-04,21.47,21.5,20.92,20.94,1273900
3069,2010-02-03,21.76,22.2,21.6,21.7,1318400
3070,2010-02-02,22.2,22.37,21.88,22.27,1184600
3071,2010-02-01,22.17,22.32,21.93,22.26,1421700
3072,2010-01-29,21.91,22.42,21.75,22.04,1038300
3073,2010-01-28,22.45,22.54,21.7,21.89,726700
3074,2010-01-27,22.96,22.96,22.01,22.42,963000
3075,2010-01-26,21.5,23.21,21.41,22.81,2969100
3076,2010-01-25,21.42,22.32,21.4,21.54,2088000
3077,2010-01-22,21.72,22.08,21.16,21.24,1834100
3078,2010-01-21,22.94,23.14,21.69,21.69,1627500
3079,2010-01-20,23.63,23.63,22.89,22.96,929700
3080,2010-01-19,23.31,23.89,23.23,23.84,788200
3081,2010-01-15,23.77,23.77,22.99,23.23,741700
3082,2010-01-14,23.75,23.93,23.43,23.61,533000
3083,2010-01-13,23.89,24.02,23.46,23.92,559900
3084,2010-01-12,23.86,23.94,23.34,23.73,842500
3085,2010-01-11,25.0,25.0,23.87,24.05,1350500
3086,2010-01-08,23.43,25.09,23.3,24.95,2726700
3087,2010-01-07,23.5,23.61,23.1,23.4,628400
3088,2010-01-06,23.75,24.05,23.51,23.57,505600
3089,2010-01-05,23.42,23.84,23.27,23.69,532700
3090,2010-01-04,23.27,23.73,23.23,23.39,810900
3091,2009-12-31,23.48,23.58,23.01,23.01,372700
3092,2009-12-30,23.49,23.7,23.33,23.5,451200
3093,2009-12-29,23.89,23.9,23.61,23.66,310800
3094,2009-12-28,23.79,24.07,23.62,23.73,572100
3095,2009-12-24,23.68,23.95,23.58,23.8,204000
3096,2009-12-23,23.9,23.96,23.6,23.67,553600
3097,2009-12-22,23.74,23.77,23.46,23.75,1003000
3098,2009-12-21,23.77,23.96,23.47,23.51,1196000
3099,2009-12-18,23.04,24.18,22.95,23.51,2184000
3100,2009-12-17,22.71,22.85,22.15,22.78,1009800
3101,2009-12-16,22.86,23.19,22.71,22.77,1258100
3102,2009-12-15,21.94,22.81,21.94,22.77,1330000
3103,2009-12-14,21.98,22.1,21.75,22.0,1050100
3104,2009-12-11,21.83,21.95,21.29,21.75,1008200
3105,2009-12-10,22.15,22.39,21.67,21.76,1064400
3106,2009-12-09,22.27,22.33,21.81,22.04,780000
3107,2009-12-08,22.17,22.55,21.84,22.24,923800
3108,2009-12-07,21.95,22.41,21.9,22.32,1002000
3109,2009-12-04,21.88,22.25,21.56,21.94,1741500
3110,2009-12-03,21.89,22.3,21.39,21.44,1022800
3111,2009-12-02,21.39,21.93,21.09,21.86,1753500
3112,2009-12-01,20.46,21.4,20.46,21.32,2275000
3113,2009-11-30,19.63,19.97,19.57,19.92,686300
3114,2009-11-27,19.34,19.99,19.33,19.67,252700
3115,2009-11-25,19.75,20.22,19.75,20.04,659400
3116,2009-11-24,20.02,20.08,19.7,19.83,1094400
3117,2009-11-23,20.01,20.06,19.74,20.05,1330800
3118,2009-11-20,18.88,19.65,18.85,19.6,889500
3119,2009-11-19,19.23,19.23,18.89,19.04,758800
3120,2009-11-18,19.49,19.7,19.26,19.44,541200
3121,2009-11-17,19.74,19.89,19.49,19.62,531700
3122,2009-11-16,19.51,20.04,19.5,19.88,738100
3123,2009-11-13,19.12,19.5,19.09,19.36,843700
3124,2009-11-12,19.63,19.9,18.95,19.0,927800
3125,2009-11-11,19.86,19.88,19.31,19.64,1064700
3126,2009-11-10,19.64,19.77,19.2,19.66,821400
3127,2009-11-09,19.26,19.84,19.18,19.77,1068100
3128,2009-11-06,18.85,19.31,18.82,19.1,709100
3129,2009-11-05,18.68,19.12,18.47,19.08,1187000
3130,2009-11-04,19.04,19.14,18.41,18.47,847300
3131,2009-11-03,18.34,18.99,18.3,18.92,853500
3132,2009-11-02,18.3,18.76,18.21,18.52,917100
3133,2009-10-30,18.96,18.97,18.22,18.28,1414700
3134,2009-10-29,18.82,19.31,18.82,19.12,913000
3135,2009-10-28,19.3,19.44,18.35,18.62,1847100
3136,2009-10-27,19.67,19.71,19.21,19.34,1070900
3137,2009-10-26,20.46,20.65,19.62,19.63,1184200
3138,2009-10-23,21.1,21.1,20.24,20.39,1012600
3139,2009-10-22,20.23,21.21,19.84,20.99,3084100
3140,2009-10-21,20.81,21.32,20.34,20.37,1228600
3141,2009-10-20,20.4,21.57,19.64,20.85,3947500
3142,2009-10-19,22.17,22.17,21.44,21.66,1659600
3143,2009-10-16,21.86,22.16,21.81,22.08,2796500
3144,2009-10-15,21.33,22.38,20.9,22.12,2778400
3145,2009-10-14,21.2,21.61,21.11,21.51,1204700
3146,2009-10-13,20.63,21.2,20.43,20.91,1007400
3147,2009-10-12,21.12,21.29,20.62,20.65,651700
3148,2009-10-09,20.88,21.07,20.7,21.03,895800
3149,2009-10-08,20.46,21.01,20.26,20.92,1459600
3150,2009-10-07,19.97,20.36,19.9,20.31,1370400
3151,2009-10-06,20.14,20.36,19.93,20.16,2122700
3152,2009-10-05,19.1,20.06,19.09,19.93,1304100
3153,2009-10-02,19.22,19.23,18.5,19.07,2685100
3154,2009-10-01,20.37,20.45,19.29,19.35,948500
3155,2009-09-30,20.99,21.06,20.22,20.4,1175500
3156,2009-09-29,19.96,21.04,19.87,20.89,1233300
3157,2009-09-28,19.54,20.05,19.27,19.86,664100
3158,2009-09-25,19.27,19.61,18.9,19.4,918700
3159,2009-09-24,20.05,20.07,19.09,19.29,1113200
3160,2009-09-23,20.38,20.63,19.99,20.02,600500
3161,2009-09-22,20.51,20.62,20.25,20.45,736400
3162,2009-09-21,20.68,20.83,20.05,20.36,864500
3163,2009-09-18,20.99,21.26,20.86,20.9,1057800
3164,2009-09-17,21.21,21.26,20.84,21.05,878900
3165,2009-09-16,21.82,21.83,21.09,21.19,1158700
3166,2009-09-15,21.61,21.99,21.5,21.78,762500
3167,2009-09-14,20.86,21.56,20.86,21.53,955700
3168,2009-09-11,21.75,21.75,21.03,21.08,969100
3169,2009-09-10,21.31,21.7,21.13,21.65,777600
3170,2009-09-09,20.95,21.29,20.52,21.27,844500
3171,2009-09-08,20.91,21.17,20.8,21.03,771600
3172,2009-09-04,20.28,20.97,20.1,20.83,908400
3173,2009-09-03,20.07,20.37,19.77,20.25,1455300
3174,2009-09-02,19.72,20.13,19.62,19.89,780700
3175,2009-09-01,20.2,20.6,19.79,19.8,1439800
3176,2009-08-31,20.34,20.71,19.96,20.36,1047800
3177,2009-08-28,20.6,20.81,20.07,20.44,1743800
3178,2009-08-27,19.78,20.53,19.61,20.45,1625600
3179,2009-08-26,19.62,19.95,19.39,19.8,751800
3180,2009-08-25,19.22,19.93,19.21,19.65,1022200
3181,2009-08-24,19.33,19.33,19.0,19.28,829800
3182,2009-08-21,18.87,19.46,18.87,19.16,797400
3183,2009-08-20,18.72,18.88,18.46,18.7,429900
3184,2009-08-19,18.49,18.96,18.33,18.7,638300
3185,2009-08-18,18.22,18.9,18.2,18.88,723800
3186,2009-08-17,18.21,18.39,17.9,18.19,573700
3187,2009-08-14,19.4,19.4,18.37,18.7,921600
3188,2009-08-13,19.74,19.74,19.32,19.5,631800
3189,2009-08-12,18.98,19.89,18.97,19.59,1259200
3190,2009-08-11,19.0,19.17,18.75,19.05,556000
3191,2009-08-10,19.14,19.29,18.88,19.07,554300
3192,2009-08-07,19.71,19.98,19.17,19.36,846200
3193,2009-08-06,19.69,19.78,19.19,19.42,668200
3194,2009-08-05,19.93,20.18,19.59,19.68,553400
3195,2009-08-04,19.99,20.32,19.9,20.19,913100
3196,2009-08-03,19.87,20.2,19.68,20.02,595300
3197,2009-07-31,19.71,20.13,19.63,19.67,1022200
3198,2009-07-30,19.61,20.03,19.44,19.7,947600
3199,2009-07-29,19.44,19.6,19.1,19.3,1148800
3200,2009-07-28,19.5,19.74,19.28,19.63,793300
3201,2009-07-27,19.87,20.03,19.39,19.65,1068100
3202,2009-07-24,20.03,20.28,19.74,19.83,988300
3203,2009-07-23,19.74,20.7,19.74,20.11,1663800
3204,2009-07-22,19.5,19.8,18.94,19.62,1232300
3205,2009-07-21,20.43,20.91,19.2,19.54,4745800
3206,2009-07-20,17.84,18.16,17.72,18.07,1677100
3207,2009-07-17,17.6,17.83,17.42,17.8,909900
3208,2009-07-16,16.98,17.73,16.98,17.68,1251000
3209,2009-07-15,16.62,17.18,16.52,17.15,942200
3210,2009-07-14,16.0,16.52,15.97,16.5,880400
3211,2009-07-13,15.84,16.19,15.47,16.18,538300
3212,2009-07-10,15.38,16.08,15.19,15.92,942400
3213,2009-07-09,15.8,15.86,15.31,15.44,1394300
3214,2009-07-08,15.49,16.0,15.38,15.71,1332300
3215,2009-07-07,16.29,16.29,15.62,15.67,687200
3216,2009-07-06,16.37,16.5,16.02,16.35,868300
3217,2009-07-02,16.6,16.64,16.27,16.53,890200
3218,2009-07-01,16.27,17.06,16.18,16.8,1088500
3219,2009-06-30,15.55,16.56,15.55,16.2,1977800
3220,2009-06-29,15.29,15.7,15.23,15.5,696600
3221,2009-06-26,15.02,15.39,14.91,15.29,1190100
3222,2009-06-25,14.89,15.39,14.63,15.15,1032700
3223,2009-06-24,14.45,15.16,14.45,14.89,821100
3224,2009-06-23,14.2,14.38,13.73,14.28,1201800
3225,2009-06-22,14.61,14.7,14.05,14.14,999000
3226,2009-06-19,14.84,14.88,14.46,14.71,1204100
3227,2009-06-18,14.36,14.83,14.3,14.72,1020300
3228,2009-06-17,14.4,14.51,14.03,14.3,2130000
3229,2009-06-16,15.89,16.0,15.01,15.01,1079300
3230,2009-06-15,16.42,16.42,15.65,15.79,599700
3231,2009-06-12,16.78,17.03,16.33,16.67,638700
3232,2009-06-11,16.56,17.09,16.56,16.83,715800
3233,2009-06-10,16.7,17.21,16.52,16.9,835700
3234,2009-06-09,16.75,16.75,16.1,16.53,670400
3235,2009-06-08,16.76,16.88,16.26,16.65,440300
3236,2009-06-05,17.24,17.24,16.57,16.85,822400
3237,2009-06-04,16.6,16.94,16.23,16.93,549700
3238,2009-06-03,16.54,16.81,16.29,16.55,801500
3239,2009-06-02,16.29,16.87,16.26,16.73,543900
3240,2009-06-01,16.27,16.52,16.25,16.44,745300
3241,2009-05-29,15.81,16.12,15.53,16.12,808400
3242,2009-05-28,15.49,15.75,15.21,15.69,455700
3243,2009-05-27,15.83,16.09,15.33,15.37,581700
3244,2009-05-26,15.07,16.01,14.77,15.87,822700
3245,2009-05-22,15.26,15.44,15.04,15.19,323600
3246,2009-05-21,15.33,15.58,15.0,15.21,701200
3247,2009-05-20,16.1,16.33,15.5,15.56,903300
3248,2009-05-19,15.97,16.06,15.71,15.93,920300
3249,2009-05-18,15.98,16.08,15.8,15.98,947500
3250,2009-05-15,15.47,16.11,15.3,15.74,880200
3251,2009-05-14,15.24,15.75,15.14,15.52,1098200
3252,2009-05-13,16.36,16.36,15.16,15.26,1310000
3253,2009-05-12,16.93,16.93,16.0,16.67,1168700
3254,2009-05-11,16.74,17.1,16.49,16.83,1631400
3255,2009-05-08,15.38,17.07,15.21,17.07,1953900
3256,2009-05-07,16.37,16.49,14.97,15.19,1096800
3257,2009-05-06,16.16,16.38,15.8,16.13,1156200
3258,2009-05-05,16.23,16.46,15.95,16.2,788600
3259,2009-05-04,15.69,16.32,15.52,16.3,700800
3260,2009-05-01,15.79,15.81,15.39,15.39,1090400
3261,2009-04-30,15.98,16.45,15.75,15.87,1141600
3262,2009-04-29,15.81,16.03,15.36,15.86,1755600
3263,2009-04-28,15.94,16.14,15.67,15.82,1411500
3264,2009-04-27,15.74,16.43,15.74,16.18,1342900
3265,2009-04-24,15.25,16.32,15.17,16.17,2235100
3266,2009-04-23,14.95,15.25,14.52,15.18,2891000
3267,2009-04-22,15.34,16.39,15.21,15.58,2439900
3268,2009-04-21,14.21,15.38,14.05,15.21,4593700
3269,2009-04-20,13.75,13.77,12.78,12.82,1422100
3270,2009-04-17,13.43,14.07,13.17,13.83,1004400
3271,2009-04-16,13.93,14.02,13.24,13.44,2168100
3272,2009-04-15,13.21,13.99,13.17,13.77,1184300
3273,2009-04-14,13.81,13.81,13.18,13.31,938600
3274,2009-04-13,13.59,14.05,13.37,14.0,1088300
3275,2009-04-09,13.12,13.82,13.08,13.78,696300
3276,2009-04-08,12.56,13.05,12.54,12.8,1073000
3277,2009-04-07,13.04,13.28,12.43,12.46,970600
3278,2009-04-06,13.53,13.59,13.05,13.28,1229600
3279,2009-04-03,13.89,14.0,13.55,13.73,973300
3280,2009-04-02,13.64,14.26,13.6,13.85,872600
3281,2009-04-01,12.82,13.37,12.64,13.32,1164500
3282,2009-03-31,12.99,13.35,12.78,13.02,702900
3283,2009-03-30,12.67,13.02,12.56,12.87,738600
3284,2009-03-27,13.64,13.67,13.19,13.36,687500
3285,2009-03-26,13.47,13.76,13.2,13.74,1130100
3286,2009-03-25,13.5,13.74,12.89,13.34,1119900
3287,2009-03-24,13.1,13.68,12.94,13.35,1039700
3288,2009-03-23,12.9,13.35,12.32,13.35,1013700
3289,2009-03-20,12.56,12.56,12.17,12.26,1492400
3290,2009-03-19,12.5,12.65,12.28,12.33,1204300
3291,2009-03-18,11.84,12.47,11.7,12.34,1084000
3292,2009-03-17,11.46,12.1,11.3,11.98,1258200
3293,2009-03-16,11.5,11.88,11.31,11.44,887300
3294,2009-03-13,11.07,11.33,10.95,11.23,924300
3295,2009-03-12,10.52,11.23,10.3,11.18,1115100
3296,2009-03-11,10.74,10.77,10.31,10.55,1530800
3297,2009-03-10,9.87,10.53,9.87,10.5,1425800
3298,2009-03-09,9.8,10.04,9.74,9.82,1110400
3299,2009-03-06,10.1,10.11,9.66,9.92,1747100
3300,2009-03-05,10.18,10.31,9.75,9.83,1558300
3301,2009-03-04,10.0,10.47,9.91,10.25,2171400
3302,2009-03-03,10.28,10.3,9.82,9.9,1670300
3303,2009-03-02,10.43,10.6,9.89,9.98,2503400
3304,2009-02-27,11.54,11.62,10.38,10.59,4112900
3305,2009-02-26,12.89,13.05,12.43,12.55,1152200
3306,2009-02-25,12.23,12.71,11.88,12.54,2243300
3307,2009-02-24,11.7,12.29,11.3,12.23,1348600
3308,2009-02-23,11.8,11.88,11.37,11.39,1086400
3309,2009-02-20,11.81,11.94,11.29,11.75,1338100
3310,2009-02-19,12.51,12.63,11.91,11.98,1436800
3311,2009-02-18,12.66,12.82,12.23,12.37,833300
3312,2009-02-17,12.53,12.81,12.3,12.63,1111900
3313,2009-02-13,13.03,13.2,12.86,12.96,1005100
3314,2009-02-12,13.23,13.23,12.68,13.05,1331200
3315,2009-02-11,13.69,13.79,12.97,13.23,1466600
3316,2009-02-10,14.47,14.5,13.45,13.66,1432100
3317,2009-02-09,14.71,14.92,14.4,14.62,718000
3318,2009-02-06,14.57,14.91,14.47,14.74,663300
3319,2009-02-05,14.47,15.14,14.33,14.65,995600
3320,2009-02-04,14.75,15.18,14.3,14.61,1095700
3321,2009-02-03,14.04,14.76,13.78,14.64,1464700
3322,2009-02-02,13.98,14.16,13.61,14.02,1075600
3323,2009-01-30,14.9,14.9,14.02,14.2,1179700
3324,2009-01-29,14.93,15.25,14.46,14.81,1028200
3325,2009-01-28,15.26,15.49,15.11,15.39,770100
3326,2009-01-27,14.74,15.1,14.52,15.0,1126900
3327,2009-01-26,14.7,15.24,14.47,14.63,1330400
3328,2009-01-23,13.62,15.04,13.58,14.7,1427300
3329,2009-01-22,14.32,14.4,13.44,14.07,1826200
3330,2009-01-21,14.0,15.0,13.0,14.63,2867200
3331,2009-01-20,13.22,13.25,12.1,12.18,1199500
3332,2009-01-16,13.54,13.65,13.04,13.33,849900
3333,2009-01-15,13.01,13.49,12.52,13.37,1191500
3334,2009-01-14,13.3,13.54,12.86,13.01,1031500
3335,2009-01-13,13.19,13.84,13.0,13.78,1103600
3336,2009-01-12,13.48,13.49,13.01,13.19,586900
3337,2009-01-09,13.69,13.78,13.32,13.5,761400
3338,2009-01-08,13.93,13.93,13.48,13.75,1739300
3339,2009-01-07,14.76,14.87,14.19,14.37,880100
3340,2009-01-06,14.31,15.13,14.23,15.0,1374800
3341,2009-01-05,14.11,14.5,14.0,14.12,1091200
3342,2009-01-02,13.44,14.19,13.37,14.11,707000
3343,2008-12-31,12.94,13.66,12.83,13.46,1014200
3344,2008-12-30,12.39,12.96,12.39,12.94,761900
3345,2008-12-29,12.66,12.71,12.17,12.39,639500
3346,2008-12-26,12.49,12.68,12.33,12.61,435800
3347,2008-12-24,12.53,12.64,12.39,12.43,389500
3348,2008-12-23,12.89,13.02,12.46,12.55,967200
3349,2008-12-22,13.27,13.32,12.48,12.87,892300
3350,2008-12-19,13.37,13.59,13.09,13.31,1289200
3351,2008-12-18,13.44,13.66,13.07,13.3,885000
3352,2008-12-17,13.01,13.6,12.96,13.45,1475500
3353,2008-12-16,12.49,13.26,12.49,13.14,1060100
3354,2008-12-15,12.8,13.0,12.25,12.51,855900
3355,2008-12-12,12.12,12.88,12.0,12.75,1767500
3356,2008-12-11,12.97,13.0,12.11,12.28,1411600
3357,2008-12-10,12.91,13.48,12.81,13.19,1311800
3358,2008-12-09,12.62,13.22,12.47,12.74,2229300
3359,2008-12-08,11.66,12.73,11.66,12.71,2169100
3360,2008-12-05,12.92,12.97,10.95,11.52,3575000
3361,2008-12-04,13.8,14.0,12.83,13.14,1044200
3362,2008-12-03,13.61,14.1,13.32,13.98,951500
3363,2008-12-02,13.65,14.09,13.41,13.9,1028900
3364,2008-12-01,14.51,14.64,13.4,13.4,1477200
3365,2008-11-28,14.19,14.95,14.07,14.93,533800
3366,2008-11-26,13.35,14.34,13.09,14.25,1019200
3367,2008-11-25,13.19,13.58,12.61,13.54,1533400
3368,2008-11-24,12.43,13.04,12.06,12.77,1595700
3369,2008-11-21,11.66,12.24,11.22,12.24,1547900
3370,2008-11-20,12.12,12.4,11.3,11.43,1974200
3371,2008-11-19,13.1,13.15,12.28,12.28,1399100
3372,2008-11-18,13.26,13.35,12.67,13.13,1246900
3373,2008-11-17,13.23,13.73,13.12,13.26,1218200
3374,2008-11-14,14.0,14.1,13.31,13.36,1119800
3375,2008-11-13,13.31,14.22,12.77,14.22,1093800
3376,2008-11-12,13.32,13.49,13.17,13.25,1149100
3377,2008-11-11,13.65,14.01,13.01,13.59,1319200
3378,2008-11-10,15.7,15.93,13.81,14.09,1670400
3379,2008-11-07,15.12,15.57,14.92,15.34,436400
3380,2008-11-06,15.83,16.13,14.94,15.03,680400
3381,2008-11-05,16.32,16.77,15.81,15.89,921000
3382,2008-11-04,16.57,16.78,16.11,16.48,1334100
3383,2008-11-03,16.32,16.65,15.37,16.34,1289600
3384,2008-10-31,16.09,17.16,15.94,16.83,793700
3385,2008-10-30,16.33,16.56,16.0,16.21,1093400
3386,2008-10-29,15.24,17.7,15.0,15.97,2304200
3387,2008-10-28,15.17,15.55,14.88,15.24,2044000
3388,2008-10-27,15.38,15.71,14.89,14.89,1489600
3389,2008-10-24,15.62,16.32,15.22,15.49,1786800
3390,2008-10-23,17.28,17.49,15.88,16.76,1834800
3391,2008-10-22,17.75,17.77,16.69,17.26,1619500
3392,2008-10-21,18.16,18.55,17.1,17.98,1543200
3393,2008-10-20,17.57,17.79,17.12,17.59,1730700
3394,2008-10-17,17.35,18.06,17.14,17.26,1318100
3395,2008-10-16,17.67,18.15,16.23,17.78,2377400
3396,2008-10-15,19.6,19.6,16.84,17.62,2662700
3397,2008-10-14,20.91,21.46,19.4,19.9,1618800
3398,2008-10-13,19.66,20.27,18.84,20.27,1398800
3399,2008-10-10,18.32,19.18,17.16,18.52,2702400
3400,2008-10-09,20.65,20.85,18.84,18.87,1846700
3401,2008-10-08,20.09,21.22,20.0,20.29,1573700
3402,2008-10-07,21.6,22.32,20.4,20.6,1450000
3403,2008-10-06,21.67,21.67,20.44,21.43,2074000
3404,2008-10-03,22.5,23.35,22.01,22.05,1073300
3405,2008-10-02,23.15,23.27,22.11,22.24,740200
3406,2008-10-01,23.1,23.6,22.75,23.25,922700
3407,2008-09-30,22.73,23.21,22.04,23.18,952900
3408,2008-09-29,23.41,23.41,22.05,22.37,1474200
3409,2008-09-26,23.8,24.38,23.43,23.77,740000
3410,2008-09-25,23.71,24.5,23.7,24.22,1816400
3411,2008-09-24,23.32,23.84,22.72,23.55,988100
3412,2008-09-23,23.03,24.01,22.93,23.24,1280100
3413,2008-09-22,23.37,24.02,22.99,23.08,1767600
3414,2008-09-19,23.42,25.89,22.4,23.49,1743000
3415,2008-09-18,22.85,23.22,21.39,22.34,2482900
3416,2008-09-17,24.61,24.61,22.63,22.63,1774700
3417,2008-09-16,24.78,25.04,23.81,24.84,1534200
3418,2008-09-15,25.89,26.25,24.56,25.12,975200
3419,2008-09-12,25.51,26.19,25.14,26.0,776100
3420,2008-09-11,24.97,25.78,24.55,25.68,982200
3421,2008-09-10,25.31,25.57,24.59,25.34,1174800
3422,2008-09-09,25.49,25.81,24.9,25.2,1865300
3423,2008-09-08,26.3,26.35,24.97,25.07,1584900
3424,2008-09-05,25.25,26.01,25.0,25.79,1536800
3425,2008-09-04,26.2,26.26,25.04,25.28,934400
3426,2008-09-03,25.9,26.99,25.77,26.39,2057500
3427,2008-09-02,26.13,26.17,25.39,25.63,619200
3428,2008-08-29,25.86,26.1,25.57,25.75,755400
3429,2008-08-28,25.28,26.07,25.08,26.07,916200
3430,2008-08-27,24.83,25.25,24.83,25.17,1354300
3431,2008-08-26,24.84,24.89,24.53,24.73,629400
3432,2008-08-25,25.49,25.5,24.75,24.83,635900
3433,2008-08-22,25.79,25.79,25.37,25.66,433900
3434,2008-08-21,25.29,25.63,25.23,25.43,397400
3435,2008-08-20,25.39,25.62,25.15,25.44,613800
3436,2008-08-19,25.79,25.93,25.17,25.32,544700
3437,2008-08-18,25.99,26.39,25.68,25.84,1362000
3438,2008-08-15,25.16,25.83,25.06,25.77,1055100
3439,2008-08-14,24.71,25.28,24.5,25.13,832100
3440,2008-08-13,24.82,24.93,24.6,24.74,749400
3441,2008-08-12,25.12,25.52,24.74,24.82,807700
3442,2008-08-11,24.99,25.29,24.52,25.29,717200
3443,2008-08-08,23.94,24.75,23.92,24.74,1050000
3444,2008-08-07,24.73,24.73,23.82,23.89,774300
3445,2008-08-06,24.82,25.29,24.65,24.81,722300
3446,2008-08-05,25.03,25.21,24.53,24.82,1792600
3447,2008-08-04,24.91,25.11,24.45,25.01,2042000
3448,2008-08-01,25.44,25.59,24.85,24.96,1612100
3449,2008-07-31,24.99,25.69,24.99,25.52,1877500
3450,2008-07-30,25.39,25.59,24.83,25.17,1337600
3451,2008-07-29,24.94,25.5,24.94,25.19,1559800
3452,2008-07-28,24.81,25.5,24.79,24.99,1041200
3453,2008-07-25,24.64,25.31,24.62,24.97,1656600
3454,2008-07-24,25.99,25.99,24.57,24.61,1811500
3455,2008-07-23,25.43,26.03,25.42,25.89,1912100
3456,2008-07-22,25.69,25.95,25.21,25.29,3343500
3457,2008-07-21,25.29,25.49,24.65,25.0,2255500
3458,2008-07-18,24.9,25.42,23.7,25.34,1055000
3459,2008-07-17,23.95,24.94,23.82,24.91,1052100
3460,2008-07-16,23.29,23.91,23.12,23.82,1186100
3461,2008-07-15,23.09,23.68,22.35,23.2,1889400
3462,2008-07-14,22.32,23.27,21.99,23.26,2013100
3463,2008-07-11,22.36,22.8,21.91,22.15,1383200
3464,2008-07-10,22.66,23.07,22.43,22.64,930300
3465,2008-07-09,23.28,23.56,22.71,22.78,751100
3466,2008-07-08,22.33,23.54,22.14,23.34,1346100
3467,2008-07-07,22.02,22.8,21.85,22.17,1636700
3468,2008-07-03,21.17,22.13,21.04,21.94,872000
3469,2008-07-02,21.48,21.75,21.14,21.14,786700
3470,2008-07-01,21.32,21.51,20.93,21.47,914600
3471,2008-06-30,21.92,21.94,21.45,21.51,717600
3472,2008-06-27,21.96,22.24,21.76,22.02,1494800
3473,2008-06-26,22.25,22.25,21.75,21.86,1319400
3474,2008-06-25,22.48,22.72,22.33,22.45,985400
3475,2008-06-24,22.7,22.71,22.0,22.34,1659700
3476,2008-06-23,23.15,23.27,22.73,22.76,698200
3477,2008-06-20,23.81,24.02,23.09,23.13,873800
3478,2008-06-19,23.69,24.24,23.6,24.1,492700
3479,2008-06-18,23.72,24.2,23.17,23.85,1051400
3480,2008-06-17,23.93,24.13,23.67,23.88,831500
3481,2008-06-16,23.91,24.06,23.67,23.89,713600
3482,2008-06-13,23.5,24.15,23.5,24.07,679300
3483,2008-06-12,23.6,23.9,23.45,23.5,542700
3484,2008-06-11,23.92,23.92,23.32,23.36,530300
3485,2008-06-10,24.5,24.53,23.92,23.99,1334100
3486,2008-06-09,25.1,25.11,24.34,24.62,537000
3487,2008-06-06,25.7,25.73,25.06,25.12,500100
3488,2008-06-05,25.76,25.85,25.51,25.84,1008700
3489,2008-06-04,25.52,25.75,25.38,25.52,1013400
3490,2008-06-03,25.52,25.77,25.34,25.56,681100
3491,2008-06-02,25.87,25.99,25.47,25.55,723800
3492,2008-05-30,26.11,26.14,25.8,26.04,1037300
3493,2008-05-29,26.17,26.47,25.95,26.01,934600
3494,2008-05-28,25.16,26.47,24.71,26.31,2024100
3495,2008-05-27,24.75,25.09,24.6,25.04,841600
3496,2008-05-23,25.41,25.41,24.66,24.74,1010400
3497,2008-05-22,25.78,25.83,25.21,25.32,874200
3498,2008-05-21,25.6,26.07,25.6,25.68,1934900
3499,2008-05-20,25.41,25.71,25.05,25.6,1346800
3500,2008-05-19,25.21,25.99,25.21,25.45,1919800
3501,2008-05-16,24.52,24.8,24.39,24.72,1445700
3502,2008-05-15,24.45,24.86,23.9,24.49,1601100
3503,2008-05-14,23.71,23.77,23.39,23.68,1413400
3504,2008-05-13,22.9,23.77,22.9,23.61,1791200
3505,2008-05-12,22.92,22.99,22.26,22.85,1281000
3506,2008-05-09,22.69,22.96,22.51,22.85,1009100
3507,2008-05-08,22.79,22.83,22.53,22.78,1196200
3508,2008-05-07,22.14,23.21,22.14,22.68,2027100
3509,2008-05-06,21.8,22.38,21.65,22.26,1459400
3510,2008-05-05,21.83,22.02,21.59,21.78,1545500
3511,2008-05-02,22.2,22.23,21.8,21.93,1080400
3512,2008-05-01,22.07,22.29,21.8,22.08,1518300
3513,2008-04-30,22.07,22.35,21.93,21.98,875100
3514,2008-04-29,22.35,22.54,21.8,21.92,1655500
3515,2008-04-28,22.6,22.82,22.37,22.43,879300
3516,2008-04-25,21.75,22.67,21.62,22.63,1509800
3517,2008-04-24,21.21,22.08,21.1,21.73,1469900
3518,2008-04-23,21.54,21.81,21.12,21.22,1509700
3519,2008-04-22,20.9,22.38,20.9,21.53,2590500
3520,2008-04-21,21.04,21.75,20.83,21.4,1285200
3521,2008-04-18,20.98,21.26,20.94,21.0,2887100
3522,2008-04-17,20.88,21.09,20.73,20.75,918000
3523,2008-04-16,20.81,21.03,20.79,20.93,1470600
3524,2008-04-15,21.13,21.2,20.46,20.69,1430300
3525,2008-04-14,21.04,21.29,20.92,21.1,1093000
3526,2008-04-11,21.11,21.25,20.8,21.01,1543300
3527,2008-04-10,21.64,21.67,21.1,21.37,1045900
3528,2008-04-09,22.2,22.25,21.52,21.6,1718000
3529,2008-04-08,22.83,22.99,22.08,22.26,1331800
3530,2008-04-07,22.97,23.65,22.89,22.95,839400
3531,2008-04-04,23.11,23.19,22.51,22.67,870400
3532,2008-04-03,23.06,23.14,22.64,23.06,1141600
3533,2008-04-02,23.27,23.7,23.15,23.19,1136300
3534,2008-04-01,24.41,24.41,21.0,23.2,1189400
3535,2008-03-31,22.0,22.43,21.87,22.33,799800
3536,2008-03-28,22.23,22.36,22.03,22.05,930000
3537,2008-03-27,22.32,22.41,21.87,22.15,1846400
3538,2008-03-26,22.63,23.09,22.05,22.24,1208700
3539,2008-03-25,22.35,23.18,22.3,22.9,878100
3540,2008-03-24,21.97,22.54,21.96,22.35,2692300
3541,2008-03-20,21.97,22.2,21.83,21.96,2041000
3542,2008-03-19,22.66,22.93,22.06,22.06,1146300
3543,2008-03-18,22.63,22.86,21.76,22.51,1237400
3544,2008-03-17,22.18,23.17,21.96,22.49,1261900
3545,2008-03-14,23.05,23.08,22.38,22.71,976800
3546,2008-03-13,22.3,22.93,21.83,22.91,993000
3547,2008-03-12,23.19,23.21,22.54,22.55,876600
3548,2008-03-11,22.91,23.23,22.27,23.19,1075000
3549,2008-03-10,22.87,22.97,22.35,22.36,855900
3550,2008-03-07,22.64,23.2,22.64,22.8,1085800
3551,2008-03-06,23.23,23.23,22.92,23.0,1567400
3552,2008-03-05,22.8,23.25,22.69,23.1,1000500
3553,2008-03-04,22.54,22.83,22.46,22.7,1224900
3554,2008-03-03,22.76,23.23,22.49,22.74,1956700
3555,2008-02-29,23.4,23.4,22.72,22.79,1369800
3556,2008-02-28,23.98,24.11,23.59,23.6,1179800
3557,2008-02-27,24.77,24.78,23.93,23.94,1891700
3558,2008-02-26,24.69,25.29,24.63,25.02,1035700
3559,2008-02-25,23.95,24.87,23.95,24.82,1140800
3560,2008-02-22,24.4,24.62,23.63,24.23,1257600
3561,2008-02-21,24.65,24.86,24.33,24.38,1168500
3562,2008-02-20,24.18,24.68,24.1,24.56,1067200
3563,2008-02-19,24.82,24.91,24.0,24.18,1323500
3564,2008-02-15,24.45,24.69,24.17,24.46,884900
3565,2008-02-14,24.88,25.25,24.48,24.59,1340000
3566,2008-02-13,24.13,24.79,23.97,24.68,1185600
3567,2008-02-12,24.06,24.28,23.84,23.9,833100
3568,2008-02-11,23.93,24.1,23.58,23.91,610900
3569,2008-02-08,23.66,24.11,23.47,23.86,1155900
3570,2008-02-07,23.5,23.94,23.47,23.74,1466400
3571,2008-02-06,24.13,24.2,23.54,23.57,1210700
3572,2008-02-05,23.9,24.4,23.68,24.09,1444100
3573,2008-02-04,24.37,24.58,23.64,24.18,1281600
3574,2008-02-01,24.27,24.75,24.1,24.37,1875000
3575,2008-01-31,23.76,24.42,23.57,24.25,1537800
3576,2008-01-30,24.55,24.81,24.07,24.08,2042400
3577,2008-01-29,23.97,24.88,23.91,24.63,2027100
3578,2008-01-28,23.76,24.17,23.48,23.7,1904100
3579,2008-01-25,24.27,25.59,23.78,24.36,2751000
3580,2008-01-24,25.37,25.37,23.5,24.14,3153300
3581,2008-01-23,22.3,24.14,19.84,23.82,6848200
3582,2008-01-22,24.44,25.53,24.4,24.93,2203300
3583,2008-01-18,25.27,26.3,25.27,25.51,1560900
3584,2008-01-17,26.0,26.24,25.03,25.14,1432600
3585,2008-01-16,25.6,26.46,25.54,25.96,1733300
3586,2008-01-15,26.2,26.35,25.55,25.85,867800
3587,2008-01-14,26.54,26.7,26.26,26.6,503700
3588,2008-01-11,26.87,26.87,26.31,26.41,946500
3589,2008-01-10,26.35,27.21,26.32,27.04,1288700
3590,2008-01-09,26.17,26.85,25.62,26.71,1547200
3591,2008-01-08,26.99,27.02,26.09,26.09,732500
3592,2008-01-07,27.16,27.4,26.59,26.79,940800
3593,2008-01-04,27.62,27.85,26.7,26.98,917100
3594,2008-01-03,28.4,28.65,27.86,27.94,503700
3595,2008-01-02,28.15,28.74,27.91,28.36,1541400
3596,2007-12-31,28.41,28.51,28.06,28.2,592100
3597,2007-12-28,28.81,28.93,28.33,28.51,967200
3598,2007-12-27,28.25,28.4,28.04,28.11,638900
3599,2007-12-26,28.42,28.54,28.09,28.34,459100
3600,2007-12-24,28.47,28.66,28.12,28.39,226500
3601,2007-12-21,27.87,28.14,27.75,28.13,1252300
3602,2007-12-20,27.15,27.49,26.95,27.34,751800
3603,2007-12-19,27.09,27.47,26.75,27.0,893800
3604,2007-12-18,27.72,27.81,26.76,27.15,1518600
3605,2007-12-17,28.02,28.2,27.25,27.42,916300
3606,2007-12-14,28.08,28.53,27.95,28.12,1000400
3607,2007-12-13,28.04,28.53,27.81,28.4,1147600
3608,2007-12-12,29.06,29.06,27.84,28.13,927800
3609,2007-12-11,29.91,29.97,28.24,28.32,963500
3610,2007-12-10,29.69,29.86,29.35,29.8,664600
3611,2007-12-07,29.79,29.79,29.39,29.55,429900
3612,2007-12-06,28.77,29.7,28.68,29.63,960400
3613,2007-12-05,28.72,28.84,28.27,28.77,972800
3614,2007-12-04,28.35,28.53,28.03,28.34,1280700
3615,2007-12-03,28.4,28.87,27.93,28.35,2120600
3616,2007-11-30,28.35,28.67,28.06,28.29,1107100
3617,2007-11-29,27.88,28.37,27.75,28.14,821100
3618,2007-11-28,27.0,28.15,26.83,28.06,2709400
3619,2007-11-27,27.67,27.93,27.05,27.58,1281500
3620,2007-11-26,28.3,28.49,27.28,27.52,1604200
3621,2007-11-23,28.3,28.53,28.13,28.25,714600
3622,2007-11-21,29.28,29.47,27.97,27.97,1853400
3623,2007-11-20,29.2,30.0,28.95,29.54,1191300
3624,2007-11-19,30.43,30.48,29.17,29.23,1560700
3625,2007-11-16,30.61,30.98,30.12,30.71,1317700
3626,2007-11-15,30.36,31.05,30.09,30.49,1532800
3627,2007-11-14,30.55,31.0,30.28,30.52,1073900
3628,2007-11-13,30.39,30.71,29.98,30.5,1387100
3629,2007-11-12,30.25,30.82,29.85,30.12,1378300
3630,2007-11-09,29.84,30.72,29.47,30.33,2107600
3631,2007-11-08,29.75,30.34,29.08,30.3,1915600
3632,2007-11-07,29.91,30.48,29.45,29.52,1500200
3633,2007-11-06,30.33,30.68,30.12,30.49,1052100
3634,2007-11-05,30.17,30.74,30.04,30.35,826200
3635,2007-11-02,30.77,31.11,30.1,30.43,1163400
3636,2007-11-01,31.49,31.59,30.85,30.96,1139300
3637,2007-10-31,31.21,31.88,31.0,31.84,1174500
3638,2007-10-30,30.97,31.48,30.94,31.22,702800
3639,2007-10-29,30.98,31.03,30.1,31.02,1143700
3640,2007-10-26,30.61,30.69,30.15,30.55,916200
3641,2007-10-25,30.56,30.93,29.54,30.31,1275000
3642,2007-10-24,30.95,31.09,29.9,30.7,1148800
3643,2007-10-23,30.55,31.1,30.16,31.1,1705600
3644,2007-10-22,30.21,31.19,29.9,31.09,1517500
3645,2007-10-19,30.71,30.89,29.79,29.86,1183000
3646,2007-10-18,31.45,31.6,30.11,30.85,1885700
3647,2007-10-17,30.42,30.89,30.14,30.57,1474700
3648,2007-10-16,29.83,30.58,29.6,29.99,1212800
3649,2007-10-15,29.68,30.09,29.29,29.68,563500
3650,2007-10-12,29.54,29.81,29.2,29.7,610000
3651,2007-10-11,29.46,29.87,29.22,29.44,935100
3652,2007-10-10,29.81,29.98,29.1,29.38,1253200
3653,2007-10-09,29.25,29.88,29.09,29.75,684500
3654,2007-10-08,29.12,29.25,28.89,29.08,342100
3655,2007-10-05,28.58,29.13,28.58,29.06,732600
3656,2007-10-04,29.2,29.2,28.25,28.44,727200
3657,2007-10-03,28.6,29.19,28.36,29.04,610700
3658,2007-10-02,30.11,30.15,28.5,28.69,1533400
3659,2007-10-01,29.07,30.28,29.07,30.15,1729600
3660,2007-09-28,28.75,29.55,28.3,29.07,2413200
3661,2007-09-27,27.43,27.74,27.41,27.74,686200
3662,2007-09-26,27.66,27.88,27.23,27.41,580100
3663,2007-09-25,26.82,27.48,26.61,27.45,1253500
3664,2007-09-24,27.82,27.89,26.89,27.15,932200
3665,2007-09-21,27.33,27.77,27.19,27.77,1863600
3666,2007-09-20,26.97,27.06,26.68,27.0,385700
3667,2007-09-19,26.7,27.3,26.7,26.95,785500
3668,2007-09-18,26.17,26.62,25.84,26.57,827900
3669,2007-09-17,26.03,26.34,25.96,26.05,703300
3670,2007-09-14,25.56,26.24,25.56,26.11,400500
3671,2007-09-13,25.8,26.18,25.7,25.88,496900
3672,2007-09-12,25.52,25.94,25.17,25.64,538700
3673,2007-09-11,25.27,25.85,25.16,25.67,793700
3674,2007-09-10,25.91,26.01,25.06,25.28,546300
3675,2007-09-07,25.63,25.77,25.41,25.69,584600
3676,2007-09-06,25.78,26.15,25.76,25.98,1665000
3677,2007-09-05,26.11,26.31,25.63,25.78,769500
3678,2007-09-04,25.87,26.45,25.87,26.32,604300
3679,2007-08-31,25.36,26.16,25.16,26.05,780500
3680,2007-08-30,25.45,25.7,25.11,25.35,431200
3681,2007-08-29,25.07,25.75,25.01,25.7,930000
3682,2007-08-28,25.04,25.13,24.7,24.8,558000
3683,2007-08-27,25.5,25.68,25.12,25.16,694700
3684,2007-08-24,25.49,25.59,25.12,25.5,1167100
3685,2007-08-23,25.79,26.34,25.26,25.48,1736600
3686,2007-08-22,25.65,25.87,25.5,25.76,1306800
3687,2007-08-21,24.95,25.45,24.84,25.37,960100
3688,2007-08-20,25.28,25.41,24.86,25.16,1105300
3689,2007-08-17,24.66,25.65,24.18,25.15,1585200
3690,2007-08-16,23.01,23.88,22.74,23.72,2067700
3691,2007-08-15,23.8,24.01,22.68,23.04,1841500
3692,2007-08-14,24.46,24.9,23.65,23.76,1084700
3693,2007-08-13,24.95,26.35,24.3,24.46,1449200
3694,2007-08-10,21.87,25.3,21.87,24.7,2775100
3695,2007-08-09,24.45,24.6,22.34,23.55,4574400
3696,2007-08-08,24.54,25.21,24.38,24.87,2979900
3697,2007-08-07,25.2,25.31,24.43,24.61,1380800
3698,2007-08-06,25.26,25.43,24.82,25.4,1334800
3699,2007-08-03,25.88,25.89,24.99,25.06,1043200
3700,2007-08-02,25.94,26.32,25.84,25.94,1589400
3701,2007-08-01,25.94,26.16,25.25,26.13,2509800
3702,2007-07-31,25.93,26.31,25.44,25.52,1785500
3703,2007-07-30,25.68,26.21,25.68,25.92,1830400
3704,2007-07-27,26.21,26.43,25.78,25.85,1785200
3705,2007-07-26,26.86,26.98,25.78,26.15,1449200
3706,2007-07-25,26.79,28.16,26.79,27.27,1319800
3707,2007-07-24,27.0,27.64,26.81,27.56,2492300
3708,2007-07-23,27.64,28.2,27.23,27.3,2821000
3709,2007-07-20,27.63,27.75,27.12,27.47,2586000
3710,2007-07-19,29.07,31.78,27.41,28.06,3789600
3711,2007-07-18,27.2,27.28,26.58,26.94,1510200
3712,2007-07-17,27.15,27.91,27.1,27.32,1412000
3713,2007-07-16,27.35,27.47,27.1,27.13,420000
3714,2007-07-13,27.17,27.49,27.17,27.48,382100
3715,2007-07-12,27.18,27.45,27.18,27.45,362900
3716,2007-07-11,26.76,27.2,26.61,27.14,937900
3717,2007-07-10,26.71,26.93,26.5,26.72,911800
3718,2007-07-09,27.16,27.16,26.84,26.86,698100
3719,2007-07-06,27.24,27.35,26.75,27.21,1475300
3720,2007-07-05,26.14,27.43,26.11,27.24,1810100
3721,2007-07-03,25.81,26.06,25.77,26.06,310000
3722,2007-07-02,25.46,25.85,25.31,25.71,811300
3723,2007-06-29,25.33,25.52,25.2,25.31,790100
3724,2007-06-28,25.06,25.32,25.01,25.17,682000
3725,2007-06-27,25.39,25.39,24.95,25.05,1421000
3726,2007-06-26,25.6,25.88,25.32,25.49,841600
3727,2007-06-25,25.62,25.79,25.43,25.56,792800
3728,2007-06-22,25.66,25.85,25.57,25.61,807000
3729,2007-06-21,25.77,25.9,25.44,25.76,504400
3730,2007-06-20,26.08,26.22,25.82,25.82,1222600
3731,2007-06-19,26.04,26.16,25.79,26.09,1007100
3732,2007-06-18,26.09,26.33,26.07,26.19,683700
3733,2007-06-15,25.81,26.08,25.77,26.0,827800
3734,2007-06-14,25.38,25.62,25.37,25.52,764800
3735,2007-06-13,25.35,25.38,25.07,25.3,526700
3736,2007-06-12,25.81,25.82,25.31,25.36,645100
3737,2007-06-11,25.93,26.01,25.7,25.86,454800
3738,2007-06-08,25.86,26.07,25.75,26.03,582400
3739,2007-06-07,26.32,26.36,25.84,25.86,862300
3740,2007-06-06,26.35,26.4,26.24,26.31,995800
3741,2007-06-05,26.51,26.55,26.2,26.45,956700
3742,2007-06-04,26.04,26.51,25.9,26.51,943500
3743,2007-06-01,25.93,26.21,25.87,26.18,941200
3744,2007-05-31,25.96,26.05,25.6,25.86,1560500
3745,2007-05-30,25.34,25.72,25.22,25.72,804400
3746,2007-05-29,25.4,26.01,25.26,25.42,811200
3747,2007-05-25,25.25,25.44,25.22,25.39,589900
3748,2007-05-24,25.55,25.74,25.19,25.21,683000
3749,2007-05-23,25.55,25.64,25.31,25.41,1046100
3750,2007-05-22,25.58,25.59,25.36,25.44,550900
3751,2007-05-21,25.39,25.64,25.09,25.43,1017800
3752,2007-05-18,25.47,25.52,25.23,25.35,1060900
3753,2007-05-17,25.75,25.85,25.29,25.35,1181000
3754,2007-05-16,26.31,26.31,25.58,25.8,1133300
3755,2007-05-15,26.1,26.39,26.09,26.32,860700
3756,2007-05-14,25.67,26.25,25.67,26.07,1073600
3757,2007-05-11,25.45,25.74,25.44,25.72,567200
3758,2007-05-10,25.79,25.86,25.39,25.4,707300
3759,2007-05-09,25.84,25.86,25.39,25.86,722400
3760,2007-05-08,25.65,25.91,25.52,25.88,475600
3761,2007-05-07,26.04,26.2,25.77,25.83,496300
3762,2007-05-04,25.93,26.4,25.6,26.04,1164100
3763,2007-05-03,25.5,25.69,25.38,25.49,815100
3764,2007-05-02,25.37,25.65,25.29,25.49,852400
3765,2007-05-01,25.01,25.35,24.91,25.25,965900
3766,2007-04-30,25.1,25.18,24.76,24.76,694000
3767,2007-04-27,25.26,25.26,24.97,25.07,421800
3768,2007-04-26,25.2,25.32,24.98,25.3,870300
3769,2007-04-25,24.74,25.19,24.65,25.1,1436200
3770,2007-04-24,24.82,24.82,24.46,24.63,1301300
3771,2007-04-23,24.92,24.95,24.69,24.75,1047900
3772,2007-04-20,25.39,25.39,24.6,24.92,1742600
3773,2007-04-19,25.33,25.41,25.08,25.39,669600
3774,2007-04-18,25.25,25.44,25.0,25.32,867900
3775,2007-04-17,25.15,25.49,25.04,25.37,872500
3776,2007-04-16,25.34,25.48,24.94,25.08,2203200
3777,2007-04-13,25.46,25.47,25.26,25.32,698000
3778,2007-04-12,25.36,25.47,25.2,25.44,484100
3779,2007-04-11,25.21,25.45,25.11,25.41,782300
3780,2007-04-10,25.08,25.35,25.08,25.25,786900
3781,2007-04-09,24.97,25.14,24.84,25.02,664800
3782,2007-04-05,24.9,25.07,24.79,24.85,540800
3783,2007-04-04,25.03,25.19,24.88,24.95,730900
3784,2007-04-03,24.6,25.09,24.6,24.94,968900
3785,2007-04-02,24.56,24.75,24.35,24.43,1413300
3786,2007-03-30,24.63,24.66,24.3,24.4,1092900
3787,2007-03-29,25.07,25.18,24.59,24.63,829000
3788,2007-03-28,25.01,25.09,24.9,24.98,626900
3789,2007-03-27,25.03,25.09,24.79,25.08,587200
3790,2007-03-26,25.25,25.25,24.86,25.15,454000
3791,2007-03-23,25.13,25.22,24.92,25.19,427700
3792,2007-03-22,25.1,25.14,24.83,25.07,561400
3793,2007-03-21,24.66,25.06,24.49,25.05,758300
3794,2007-03-20,24.51,24.69,24.37,24.68,599600
3795,2007-03-19,24.31,24.5,24.19,24.49,796900
3796,2007-03-16,24.27,24.29,24.06,24.09,657500
3797,2007-03-15,24.49,24.49,23.96,24.27,1371300
3798,2007-03-14,24.5,24.64,23.78,24.14,1387000
3799,2007-03-13,25.11,25.11,24.39,24.4,782400
3800,2007-03-12,25.53,25.55,24.95,25.22,2908800
3801,2007-03-09,25.22,25.58,25.22,25.45,1388600
3802,2007-03-08,25.28,25.3,24.95,24.99,617300
3803,2007-03-07,25.3,25.43,25.0,25.09,1083200
3804,2007-03-06,24.49,24.79,24.37,24.77,1674200
3805,2007-03-05,24.63,24.85,24.33,24.38,838200
3806,2007-03-02,24.98,25.0,24.68,24.81,941300
3807,2007-03-01,24.29,25.01,23.68,25.01,1284900
3808,2007-02-28,25.08,25.21,24.27,24.5,1732500
3809,2007-02-27,25.2,25.4,24.69,25.07,767700
3810,2007-02-26,25.43,25.83,25.37,25.59,1265900
3811,2007-02-23,25.42,25.44,25.1,25.33,872900
3812,2007-02-22,25.61,25.66,25.28,25.4,658600
3813,2007-02-21,25.39,25.58,25.1,25.55,1855200
3814,2007-02-20,24.82,25.83,24.75,25.38,1624700
3815,2007-02-16,24.09,25.27,24.09,24.82,1698800
3816,2007-02-15,23.7,23.83,23.64,23.78,384400
3817,2007-02-14,23.52,23.78,23.46,23.74,682000
3818,2007-02-13,23.29,23.53,23.28,23.47,533700
3819,2007-02-12,23.03,23.2,22.98,23.2,541900
3820,2007-02-09,22.98,23.06,22.86,22.96,570000
3821,2007-02-08,23.0,23.05,22.51,22.99,639100
3822,2007-02-07,23.4,23.54,23.17,23.31,352600
3823,2007-02-06,23.25,23.34,23.15,23.32,617000
3824,2007-02-05,23.28,23.38,23.11,23.19,484700
3825,2007-02-02,23.52,23.52,23.04,23.35,797700
3826,2007-02-01,22.95,23.47,22.9,23.3,672000
3827,2007-01-31,22.83,23.02,22.69,22.84,327100
3828,2007-01-30,22.75,22.91,22.71,22.82,274300
3829,2007-01-29,22.54,22.82,22.54,22.72,376200
3830,2007-01-26,22.69,22.7,22.39,22.5,486800
3831,2007-01-25,22.93,22.99,22.57,22.62,540300
3832,2007-01-24,22.29,23.05,22.29,22.93,966200
3833,2007-01-23,22.85,22.95,22.2,22.24,1784600
3834,2007-01-22,22.51,22.54,22.25,22.27,394100
3835,2007-01-19,22.32,22.59,22.32,22.42,430000
3836,2007-01-18,23.0,23.0,22.04,22.37,257500
3837,2007-01-17,22.33,22.59,22.27,22.52,316600
3838,2007-01-16,22.62,22.65,22.35,22.41,332700
3839,2007-01-12,22.5,22.72,22.5,22.59,689600
3840,2007-01-11,22.4,22.71,22.4,22.49,452200
3841,2007-01-10,22.24,22.39,22.15,22.32,312100
3842,2007-01-09,22.35,22.4,22.11,22.3,269700
3843,2007-01-08,22.33,22.43,22.14,22.35,512500
3844,2007-01-05,22.53,22.7,22.2,22.27,515600
3845,2007-01-04,22.74,22.74,22.45,22.51,460100
3846,2007-01-03,22.28,22.82,22.28,22.74,910500
3847,2006-12-29,22.4,22.42,22.09,22.1,227200
3848,2006-12-28,22.52,22.61,22.27,22.43,306600
3849,2006-12-27,22.34,22.62,22.34,22.58,315000
3850,2006-12-26,22.1,22.39,22.06,22.26,359500
3851,2006-12-22,22.18,22.22,22.03,22.07,158000
3852,2006-12-21,22.32,22.37,22.0,22.15,421100
3853,2006-12-20,22.23,22.37,22.2,22.27,240100
3854,2006-12-19,22.3,22.39,22.15,22.29,319800
3855,2006-12-18,22.54,22.56,22.21,22.3,570900
3856,2006-12-15,22.7,22.75,22.46,22.54,587600
3857,2006-12-14,22.38,22.75,22.3,22.69,613400
3858,2006-12-13,22.32,22.48,22.25,22.38,502500
3859,2006-12-12,22.46,22.51,22.31,22.4,459000
3860,2006-12-11,22.37,22.54,22.26,22.44,840300
3861,2006-12-08,22.56,22.57,22.13,22.29,1388900
3862,2006-12-07,23.01,23.09,22.64,22.81,563900
3863,2006-12-06,22.89,22.92,22.68,22.91,539300
3864,2006-12-05,22.72,22.94,22.68,22.89,673200
3865,2006-12-04,22.41,22.79,22.39,22.7,496800
3866,2006-12-01,22.59,22.59,22.14,22.35,480900
3867,2006-11-30,22.55,22.65,22.36,22.55,538700
3868,2006-11-29,22.65,22.76,22.29,22.52,394100
3869,2006-11-28,22.59,22.74,22.4,22.56,411800
3870,2006-11-27,22.94,22.94,22.68,22.73,371000
3871,2006-11-24,22.8,23.05,22.8,22.93,371400
3872,2006-11-22,22.75,22.93,22.66,22.89,467800
3873,2006-11-21,22.73,22.83,22.64,22.7,524000
3874,2006-11-20,22.8,22.97,22.6,22.7,753500
3875,2006-11-17,23.06,23.06,22.75,22.85,352000
3876,2006-11-16,23.11,23.22,22.99,23.06,469000
3877,2006-11-15,23.38,23.38,22.97,23.16,530200
3878,2006-11-14,23.25,23.46,23.13,23.41,310300
3879,2006-11-13,22.96,23.28,22.9,23.22,251200
3880,2006-11-10,22.86,23.1,22.7,23.05,310600
3881,2006-11-09,23.12,23.19,22.85,22.86,293100
3882,2006-11-08,22.59,23.08,22.59,23.06,485600
3883,2006-11-07,22.66,22.91,22.65,22.69,466700
3884,2006-11-06,22.73,22.76,22.62,22.66,418500
3885,2006-11-03,22.91,22.99,22.57,22.6,345600
3886,2006-11-02,22.62,22.87,22.43,22.81,454600
3887,2006-11-01,23.02,23.2,22.72,22.74,731100
3888,2006-10-31,22.72,23.04,22.7,22.97,1487500
3889,2006-10-30,22.44,22.68,22.41,22.64,529800
3890,2006-10-27,22.32,22.67,22.14,22.43,1354100
3891,2006-10-26,22.06,22.39,21.99,22.39,989300
3892,2006-10-25,22.05,22.15,21.93,22.04,594600
3893,2006-10-24,22.09,22.21,21.96,22.05,485600
3894,2006-10-23,22.25,22.37,22.02,22.18,343300
3895,2006-10-20,22.4,22.46,22.18,22.25,666900
3896,2006-10-19,22.4,22.52,22.26,22.4,801800
3897,2006-10-18,22.63,22.66,21.77,22.36,1397700
3898,2006-10-17,22.79,22.79,22.31,22.49,1301800
3899,2006-10-16,23.1,23.11,22.63,22.79,965800
3900,2006-10-13,23.24,23.45,23.11,23.19,853500
3901,2006-10-12,23.25,23.42,23.09,23.24,919400
3902,2006-10-11,23.39,23.7,22.8,23.2,711000
3903,2006-10-10,23.96,24.23,23.63,23.7,469000
3904,2006-10-09,23.6,24.16,23.54,23.93,553000
3905,2006-10-06,23.45,23.71,23.3,23.7,385200
3906,2006-10-05,23.31,23.56,23.31,23.55,503900
3907,2006-10-04,23.03,23.39,22.98,23.35,285300
3908,2006-10-03,23.15,23.21,23.0,23.03,372100
3909,2006-10-02,23.15,23.5,23.08,23.28,255300
3910,2006-09-29,23.55,23.56,23.19,23.2,552600
3911,2006-09-28,23.59,23.6,23.3,23.56,620700
3912,2006-09-27,23.18,23.67,23.14,23.66,1165500
3913,2006-09-26,22.98,23.17,22.82,23.15,694500
3914,2006-09-25,22.98,23.07,22.64,22.97,869100
3915,2006-09-22,23.01,23.01,22.7,22.9,577700
3916,2006-09-21,23.07,23.16,22.88,23.01,548000
3917,2006-09-20,23.01,23.25,22.93,23.09,606600
3918,2006-09-19,22.93,23.01,22.52,23.0,747100
3919,2006-09-18,23.16,23.17,22.79,22.89,736600
3920,2006-09-15,23.0,23.16,22.63,23.16,2015100
3921,2006-09-14,22.68,22.87,22.48,22.83,573800
3922,2006-09-13,22.62,22.77,22.48,22.68,715000
3923,2006-09-12,22.32,22.88,22.29,22.83,633900
3924,2006-09-11,22.3,22.43,22.09,22.31,941400
3925,2006-09-08,22.0,22.41,22.0,22.27,779200
3926,2006-09-07,22.25,22.38,21.86,22.11,1934900
3927,2006-09-06,23.31,23.32,22.8,23.0,552300
3928,2006-09-05,23.3,23.43,23.2,23.36,503800
3929,2006-09-01,23.23,23.35,23.23,23.27,437800
3930,2006-08-31,22.84,23.24,22.8,23.14,753500
3931,2006-08-30,22.84,22.9,22.7,22.76,236100
3932,2006-08-29,22.7,22.83,22.51,22.81,227800
3933,2006-08-28,22.35,22.65,22.31,22.62,227600
3934,2006-08-25,22.45,22.6,22.31,22.41,153600
3935,2006-08-24,22.6,22.7,22.35,22.45,278500
3936,2006-08-23,22.8,22.86,22.4,22.55,204900
3937,2006-08-22,22.67,22.79,22.61,22.72,315200
3938,2006-08-21,22.66,22.77,22.58,22.69,206700
3939,2006-08-18,22.77,23.02,22.66,22.71,253500
3940,2006-08-17,22.76,23.18,22.76,22.8,636500
3941,2006-08-16,22.95,23.07,22.63,22.72,765100
3942,2006-08-15,22.49,22.93,22.47,22.88,437900
3943,2006-08-14,22.32,22.68,22.19,22.29,369900
3944,2006-08-11,22.33,22.48,22.1,22.15,733000
3945,2006-08-10,22.46,22.58,22.24,22.31,801800
3946,2006-08-09,22.69,22.83,22.43,22.45,373600
3947,2006-08-08,22.81,22.87,22.5,22.59,571500
3948,2006-08-07,22.6,22.83,22.54,22.81,466300
3949,2006-08-04,23.06,23.08,22.42,22.61,338800
3950,2006-08-03,22.65,22.92,22.48,22.81,345900
3951,2006-08-02,22.81,22.98,22.56,22.67,352100
3952,2006-08-01,22.83,22.84,22.36,22.76,591700
3953,2006-07-31,22.9,22.94,22.6,22.93,626700
3954,2006-07-28,22.99,23.14,22.91,23.0,446300
3955,2006-07-27,23.2,23.41,22.86,22.92,503800
3956,2006-07-26,23.41,23.41,22.97,23.05,1209300
3957,2006-07-25,22.73,23.48,22.72,23.41,899000
3958,2006-07-24,22.81,22.99,22.69,22.71,612000
3959,2006-07-21,22.8,22.87,22.34,22.67,954800
3960,2006-07-20,23.13,23.83,22.76,22.8,1406100
3961,2006-07-19,22.5,23.32,22.3,23.0,3146400
3962,2006-07-18,21.39,21.85,20.85,21.01,645600
3963,2006-07-17,21.25,21.52,21.15,21.3,300100
3964,2006-07-14,21.1,21.35,21.0,21.19,492000
3965,2006-07-13,21.61,21.74,21.1,21.18,886600
3966,2006-07-12,21.9,21.98,21.53,21.59,338300
3967,2006-07-11,22.01,22.1,21.67,21.92,492400
3968,2006-07-10,22.01,22.22,22.01,22.09,261200
3969,2006-07-07,22.0,22.22,21.89,21.95,231300
3970,2006-07-06,22.24,22.45,21.92,22.07,418900
3971,2006-07-05,22.41,22.48,21.92,22.31,597900
3972,2006-07-03,22.03,22.44,21.68,22.41,260600
3973,2006-06-30,22.08,22.25,21.75,22.02,874200
3974,2006-06-29,21.56,22.03,21.56,22.03,413700
3975,2006-06-28,21.49,21.55,21.06,21.39,422500
3976,2006-06-27,21.56,21.84,21.3,21.37,453300
3977,2006-06-26,21.74,21.9,21.4,21.51,314400
3978,2006-06-23,21.49,21.69,21.36,21.65,377100
3979,2006-06-22,21.53,21.61,21.3,21.6,408300
3980,2006-06-21,20.9,21.69,20.81,21.58,408300
3981,2006-06-20,21.07,21.07,20.8,20.96,699000
3982,2006-06-19,21.07,21.3,20.81,21.15,481500
3983,2006-06-16,21.29,21.44,20.91,21.06,369000
3984,2006-06-15,20.77,21.47,20.77,21.23,696500
3985,2006-06-14,20.54,20.7,20.19,20.4,447600
3986,2006-06-13,20.97,20.99,20.5,20.5,567700
3987,2006-06-12,21.75,21.75,21.1,21.22,1260700
3988,2006-06-09,21.1,21.26,20.95,20.97,269600
3989,2006-06-08,20.72,21.1,20.28,21.02,511200
3990,2006-06-07,21.0,21.06,20.68,20.74,353400
3991,2006-06-06,21.62,21.71,20.95,21.0,449000
3992,2006-06-05,22.0,22.02,21.43,21.51,327200
3993,2006-06-02,21.9,22.15,21.68,22.04,356400
3994,2006-06-01,21.3,21.86,20.8,21.79,557400
3995,2006-05-31,20.97,21.32,20.75,21.3,332600
3996,2006-05-30,21.28,21.28,20.89,20.93,296700
3997,2006-05-26,21.22,21.4,21.12,21.28,227400
3998,2006-05-25,21.1,21.24,20.92,21.08,401300
3999,2006-05-24,20.97,20.97,20.61,20.92,455700
4000,2006-05-23,21.5,21.58,20.9,20.94,311100
4001,2006-05-22,21.28,21.56,20.94,21.32,374300
4002,2006-05-19,21.56,21.56,21.12,21.29,619200
4003,2006-05-18,21.69,21.8,21.37,21.38,411200
4004,2006-05-17,21.72,21.85,21.45,21.59,367200
4005,2006-05-16,22.0,22.18,21.76,21.88,228200
4006,2006-05-15,21.99,22.01,21.44,21.84,295700
4007,2006-05-12,22.25,22.25,21.95,21.99,238400
4008,2006-05-11,22.4,22.51,22.18,22.28,257900
4009,2006-05-10,22.64,22.64,22.26,22.34,225300
4010,2006-05-09,22.59,22.73,22.45,22.62,235600
4011,2006-05-08,22.71,22.78,22.32,22.6,376000
4012,2006-05-05,22.61,22.88,22.5,22.81,281500
4013,2006-05-04,22.52,22.77,22.45,22.58,171900
4014,2006-05-03,22.63,22.76,22.42,22.48,183700
4015,2006-05-02,22.42,22.65,22.36,22.6,501400
4016,2006-05-01,22.44,22.77,22.21,22.43,331100
4017,2006-04-28,22.22,22.53,22.03,22.48,385100
4018,2006-04-27,22.79,22.79,22.21,22.26,494600
4019,2006-04-26,23.0,23.05,22.73,22.79,347800
4020,2006-04-25,23.12,23.16,22.72,22.89,652000
4021,2006-04-24,22.97,23.19,22.89,23.07,616500
4022,2006-04-21,23.03,23.27,22.82,22.97,515200
4023,2006-04-20,22.8,22.95,22.56,22.85,548400
4024,2006-04-19,23.08,23.42,22.73,22.81,1320400
4025,2006-04-18,23.13,23.61,22.97,23.51,648300
4026,2006-04-17,22.45,23.17,22.45,23.12,810400
4027,2006-04-13,22.19,22.52,22.02,22.33,399900
4028,2006-04-12,22.17,22.31,22.15,22.18,264600
4029,2006-04-11,22.55,22.75,22.16,22.17,340100
4030,2006-04-10,22.64,22.8,22.4,22.41,452400
4031,2006-04-07,22.98,23.1,22.57,22.58,242300
4032,2006-04-06,22.63,22.98,22.62,22.98,286600
4033,2006-04-05,22.68,22.96,22.47,22.69,549900
4034,2006-04-04,22.7,22.92,22.5,22.71,358200
4035,2006-04-03,22.65,23.04,22.45,22.72,496100
4036,2006-03-31,22.41,22.45,22.18,22.44,325500
4037,2006-03-30,22.43,22.5,22.16,22.38,369200
4038,2006-03-29,22.4,22.55,22.27,22.39,422100
4039,2006-03-28,22.58,22.58,22.25,22.37,512300
4040,2006-03-27,22.58,22.74,22.51,22.57,455400
4041,2006-03-24,22.69,22.89,22.58,22.62,277500
4042,2006-03-23,22.73,22.98,22.7,22.76,401300
4043,2006-03-22,22.58,22.86,22.24,22.78,1011900
4044,2006-03-21,22.69,23.02,22.53,22.58,344700
4045,2006-03-20,23.03,23.31,22.69,22.88,305500
4046,2006-03-17,23.04,23.22,22.99,23.0,655200
4047,2006-03-16,22.98,23.33,22.96,23.04,367100
4048,2006-03-15,22.69,23.04,22.67,22.88,600700
4049,2006-03-14,22.93,22.93,22.39,22.67,442200
4050,2006-03-13,23.0,23.22,22.87,22.93,299700
4051,2006-03-10,22.98,23.33,22.97,23.2,404700
4052,2006-03-09,22.75,23.16,22.75,22.99,863100
4053,2006-03-08,22.61,22.75,22.24,22.71,644800
4054,2006-03-07,22.69,22.76,22.37,22.61,330200
4055,2006-03-06,22.75,22.95,22.5,22.78,1036800
4056,2006-03-03,23.15,23.2,22.92,22.99,253300
4057,2006-03-02,23.18,23.55,23.05,23.25,302200
4058,2006-03-01,22.85,23.21,22.85,23.19,611500
4059,2006-02-28,23.0,23.08,22.77,22.81,414000
4060,2006-02-27,23.1,23.44,22.98,23.0,224700
4061,2006-02-24,22.89,23.05,22.7,23.03,144400
4062,2006-02-23,23.03,23.09,22.86,22.93,519500
4063,2006-02-22,23.25,23.39,23.07,23.11,305700
4064,2006-02-21,23.53,23.53,23.09,23.28,253000
4065,2006-02-17,23.45,23.59,23.35,23.43,277100
4066,2006-02-16,23.47,23.55,23.29,23.45,233100
4067,2006-02-15,23.24,23.52,23.12,23.38,252600
4068,2006-02-14,23.21,23.67,23.05,23.32,482300
4069,2006-02-13,23.3,23.99,23.04,23.26,274300
4070,2006-02-10,23.05,23.26,22.77,23.25,262000
4071,2006-02-09,22.96,23.35,22.86,23.09,258500
4072,2006-02-08,22.65,22.94,22.56,22.87,472500
4073,2006-02-07,23.05,23.2,22.51,22.64,831200
4074,2006-02-06,22.7,23.11,22.61,23.03,488600
4075,2006-02-03,23.15,23.15,22.51,22.75,718300
4076,2006-02-02,23.57,23.71,23.21,23.33,475100
4077,2006-02-01,23.2,23.66,23.0,23.54,655200
4078,2006-01-31,23.5,23.51,23.1,23.2,729000
4079,2006-01-30,23.82,23.82,23.45,23.65,827400
4080,2006-01-27,23.7,23.96,23.61,23.9,1065200
4081,2006-01-26,23.7,23.85,23.47,23.6,303300
4082,2006-01-25,23.8,23.98,23.4,23.61,1444700
4083,2006-01-24,23.5,23.89,23.3,23.7,2004000
4084,2006-01-23,23.1,23.4,22.84,23.02,824200
4085,2006-01-20,22.75,22.81,22.48,22.71,521100
4086,2006-01-19,22.89,22.91,22.71,22.82,266000
4087,2006-01-18,22.75,22.84,22.51,22.81,278700
4088,2006-01-17,22.78,22.96,22.64,22.79,338400
4089,2006-01-13,23.25,23.3,22.77,22.79,349300
4090,2006-01-12,23.38,23.43,23.1,23.2,475400
4091,2006-01-11,23.27,23.63,23.25,23.36,592300
4092,2006-01-10,23.16,23.43,23.1,23.27,676600
4093,2006-01-09,23.0,23.41,23.0,23.32,1197500
4094,2006-01-06,22.8,23.13,22.77,22.96,860800
4095,2006-01-05,22.97,23.13,22.54,22.66,834900
4096,2006-01-04,22.91,23.1,22.85,22.92,506000
4097,2006-01-03,23.05,23.3,22.54,22.87,1099200
4098,2005-12-30,23.02,23.06,22.79,22.95,1009200
4099,2005-12-29,22.83,23.29,22.76,23.05,720300
4100,2005-12-28,22.6,22.87,22.56,22.85,491000
4101,2005-12-27,22.93,22.94,22.41,22.53,458400
4102,2005-12-23,22.77,23.01,22.77,23.0,403200
4103,2005-12-22,22.9,22.9,22.66,22.77,509200
4104,2005-12-21,22.35,22.9,22.32,22.9,867800
4105,2005-12-20,22.62,22.62,22.21,22.35,1010800
4106,2005-12-19,22.6,22.66,22.45,22.58,1092500
4107,2005-12-16,21.9,22.55,21.71,22.37,6714000
4108,2005-12-15,22.73,23.08,22.35,22.45,1104800
4109,2005-12-14,22.83,22.93,22.45,22.72,818300
4110,2005-12-13,22.8,23.35,22.65,22.75,931000
4111,2005-12-12,23.95,23.95,22.4,23.05,2448200
4112,2005-12-09,23.5,23.51,21.99,22.35,2372700
4113,2005-12-08,23.9,24.17,23.7,24.12,382000
4114,2005-12-07,23.83,23.97,23.69,23.82,209300
4115,2005-12-06,23.9,24.15,23.77,23.84,328000
4116,2005-12-05,23.5,23.8,23.49,23.74,402600
4117,2005-12-02,23.54,23.75,23.47,23.63,317500
4118,2005-12-01,23.23,23.7,23.23,23.51,498400
4119,2005-11-30,22.87,23.3,22.87,23.19,567700
4120,2005-11-29,23.05,23.61,22.78,22.84,719500
4121,2005-11-28,23.15,23.33,22.72,22.91,330400
4122,2005-11-25,22.92,23.11,22.9,23.11,35600
4123,2005-11-23,22.96,23.03,22.7,22.92,270200
4124,2005-11-22,23.17,23.17,22.74,23.0,430200
4125,2005-11-21,22.97,23.32,22.97,23.17,1342100
4126,2005-11-18,22.45,22.98,22.27,22.94,1073800
4127,2005-11-17,22.24,22.38,21.92,21.94,553800
4128,2005-11-16,21.47,22.22,21.47,22.1,1173500
4129,2005-11-15,21.21,21.51,21.21,21.47,698100
4130,2005-11-14,21.75,21.92,21.05,21.2,641500
4131,2005-11-11,20.35,20.83,20.3,20.58,346100
4132,2005-11-10,20.07,20.32,19.83,20.23,148700
4133,2005-11-09,19.88,20.2,19.88,20.06,272700
4134,2005-11-08,19.96,20.1,19.79,19.88,161200
4135,2005-11-07,19.89,20.17,19.82,20.08,277500
4136,2005-11-04,20.2,20.35,19.77,19.89,484600
4137,2005-11-03,20.45,20.46,20.04,20.11,387900
4138,2005-11-02,20.19,20.48,20.09,20.37,297900
4139,2005-11-01,20.29,20.38,19.93,20.22,420500
4140,2005-10-31,20.34,20.47,20.17,20.29,337000
4141,2005-10-28,20.1,20.31,20.04,20.31,265600
4142,2005-10-27,20.06,20.1,19.89,19.9,292500
4143,2005-10-26,20.01,20.29,19.85,20.09,456000
4144,2005-10-25,19.91,20.24,19.9,20.0,625200
4145,2005-10-24,19.75,20.15,19.75,19.9,477500
4146,2005-10-21,19.84,19.86,19.46,19.71,537100
4147,2005-10-20,19.64,19.8,19.45,19.59,702000
4148,2005-10-19,19.7,20.12,19.56,19.65,1357300
4149,2005-10-18,19.0,19.4,18.92,19.01,620400
4150,2005-10-17,18.65,18.87,18.57,18.7,761400
4151,2005-10-14,18.42,18.7,18.28,18.54,656100
4152,2005-10-13,18.74,18.79,18.29,18.42,412900
4153,2005-10-12,18.56,18.96,18.48,18.7,1027600
4154,2005-10-11,18.37,18.79,18.27,18.61,1027700
4155,2005-10-10,18.3,18.65,18.28,18.3,431700
4156,2005-10-07,18.42,18.54,18.24,18.25,310900
4157,2005-10-06,18.69,18.7,18.42,18.43,616500
4158,2005-10-05,19.19,19.2,18.61,18.61,500500
4159,2005-10-04,19.38,19.51,19.22,19.25,232000
4160,2005-10-03,19.4,19.59,19.1,19.4,449500
4161,2005-09-30,19.41,19.6,19.24,19.41,503800
4162,2005-09-29,19.28,19.42,19.13,19.4,384900
4163,2005-09-28,19.34,19.58,19.26,19.26,274200
4164,2005-09-27,19.47,19.49,19.13,19.32,316400
4165,2005-09-26,19.61,19.85,19.37,19.38,295000
4166,2005-09-23,19.6,19.7,19.44,19.51,386200
4167,2005-09-22,19.51,19.57,19.27,19.56,552400
4168,2005-09-21,20.24,20.24,19.4,19.5,767600
4169,2005-09-20,20.5,20.63,20.24,20.25,268300
4170,2005-09-19,20.79,20.94,20.31,20.45,259800
4171,2005-09-16,21.02,21.1,20.57,20.76,1509100
4172,2005-09-15,20.78,21.06,20.47,21.06,338100
4173,2005-09-14,20.95,20.95,20.68,20.81,379000
4174,2005-09-13,21.26,21.37,20.8,20.95,521000
4175,2005-09-12,21.3,21.53,21.22,21.48,195200
4176,2005-09-09,21.32,21.42,21.18,21.34,347600
4177,2005-09-08,21.52,21.61,21.23,21.27,286900
4178,2005-09-07,21.2,21.5,21.08,21.5,428500
4179,2005-09-06,21.01,21.33,21.0,21.19,183600
4180,2005-09-02,21.21,21.25,20.88,20.93,246700
4181,2005-09-01,20.96,21.15,20.91,21.07,389700
4182,2005-08-31,20.45,20.96,20.3,20.96,228100
4183,2005-08-30,20.72,20.75,20.4,20.46,177300
4184,2005-08-29,20.51,20.76,20.36,20.74,222400
4185,2005-08-26,20.53,20.7,20.44,20.51,213500
4186,2005-08-25,20.67,20.72,20.47,20.51,392900
4187,2005-08-24,20.65,20.85,20.58,20.67,518200
4188,2005-08-23,20.77,20.94,20.47,20.53,285400
4189,2005-08-22,20.82,20.94,20.64,20.75,257900
4190,2005-08-19,20.65,20.85,20.45,20.8,616800
4191,2005-08-18,20.85,20.91,20.55,20.65,414000
4192,2005-08-17,21.08,21.12,20.87,20.95,313200
4193,2005-08-16,21.4,21.4,20.89,21.0,392100
4194,2005-08-15,21.65,21.66,21.17,21.4,491800
4195,2005-08-12,22.13,22.14,21.42,21.76,780900
4196,2005-08-11,22.26,22.39,22.09,22.26,523500
4197,2005-08-10,22.35,22.43,22.05,22.26,388400
4198,2005-08-09,22.1,22.25,22.0,22.25,517300
4199,2005-08-08,22.0,22.12,21.86,22.01,324400
4200,2005-08-05,22.02,22.16,21.81,21.85,465600
4201,2005-08-04,21.38,22.2,21.38,22.08,1023600
4202,2005-08-03,21.34,21.44,21.24,21.38,351700
4203,2005-08-02,21.34,21.5,21.25,21.37,328800
4204,2005-08-01,21.3,21.34,21.01,21.26,475000
4205,2005-07-29,21.2,21.47,21.16,21.25,453600
4206,2005-07-28,21.38,21.38,21.08,21.2,345100
4207,2005-07-27,21.27,21.49,21.24,21.37,521600
4208,2005-07-26,21.33,21.42,21.08,21.27,513000
4209,2005-07-25,21.25,21.34,20.91,21.16,378300
4210,2005-07-22,21.39,21.6,21.15,21.35,318800
4211,2005-07-21,21.79,21.83,21.29,21.29,628600
4212,2005-07-20,21.55,21.9,21.45,21.68,648100
4213,2005-07-19,20.95,21.9,20.95,21.46,1268200
4214,2005-07-18,20.55,20.67,20.39,20.53,521900
4215,2005-07-15,20.52,20.67,20.3,20.54,398700
4216,2005-07-14,20.75,20.85,20.54,20.62,304800
4217,2005-07-13,20.9,21.05,20.63,20.65,339400
4218,2005-07-12,21.06,21.1,20.83,20.9,330600
4219,2005-07-11,20.8,21.08,20.75,21.07,568000
4220,2005-07-08,20.4,20.88,20.3,20.88,1766400
4221,2005-07-07,20.44,20.55,20.04,20.37,1016700
4222,2005-07-06,20.85,20.85,20.46,20.47,756700
4223,2005-07-05,20.81,21.0,20.8,20.9,340900
4224,2005-07-01,21.1,21.18,20.77,20.77,485400
4225,2005-06-30,21.45,21.45,21.01,21.05,579400
4226,2005-06-29,21.3,21.46,21.18,21.27,464100
4227,2005-06-28,20.77,21.44,20.63,21.4,663300
4228,2005-06-27,20.66,20.66,20.09,20.58,910800
4229,2005-06-24,21.01,21.05,20.65,20.66,457100
4230,2005-06-23,21.6,21.65,21.0,21.05,462500
4231,2005-06-22,21.68,21.68,21.41,21.55,263500
4232,2005-06-21,21.39,21.68,21.25,21.56,516800
4233,2005-06-20,21.29,21.45,21.21,21.39,383800
4234,2005-06-17,21.65,21.7,21.26,21.38,532900
4235,2005-06-16,21.17,21.55,21.17,21.51,283100
4236,2005-06-15,21.45,21.55,21.04,21.17,401400
4237,2005-06-14,21.15,21.38,21.05,21.34,548500
4238,2005-06-13,21.05,21.34,20.72,21.22,560800
4239,2005-06-10,21.42,21.53,21.24,21.29,374000
4240,2005-06-09,21.61,21.61,21.24,21.3,766000
4241,2005-06-08,21.85,21.88,21.58,21.58,351700
4242,2005-06-07,21.74,22.09,21.7,21.77,345800
4243,2005-06-06,21.93,21.93,21.51,21.7,408300
4244,2005-06-03,21.95,22.3,21.81,21.93,453300
4245,2005-06-02,22.14,22.15,21.93,22.01,389900
4246,2005-06-01,21.95,22.26,21.92,22.13,426500
4247,2005-05-31,21.45,22.09,21.45,21.84,917400
4248,2005-05-27,21.68,21.69,21.44,21.5,492600
4249,2005-05-26,21.68,21.85,21.6,21.7,592400
4250,2005-05-25,21.73,21.74,21.36,21.68,850900
4251,2005-05-24,22.11,22.11,21.61,21.74,965800
4252,2005-05-23,22.31,22.35,21.98,22.12,1165400
4253,2005-05-20,22.43,22.44,22.1,22.32,948500
4254,2005-05-19,22.82,22.82,22.16,22.43,1187600
4255,2005-05-18,22.49,22.94,22.48,22.81,1132300
4256,2005-05-17,22.75,22.75,21.98,22.4,1520000
4257,2005-05-16,21.35,21.74,21.3,21.52,520500
4258,2005-05-13,21.88,21.89,21.0,21.25,861300
4259,2005-05-12,22.3,22.37,21.8,21.88,434700
4260,2005-05-11,22.25,22.35,22.1,22.24,393700
4261,2005-05-10,22.2,22.3,22.1,22.25,584400
4262,2005-05-09,22.43,22.43,22.11,22.2,725100
4263,2005-05-06,22.35,22.54,22.34,22.42,453600
4264,2005-05-05,22.55,22.65,22.17,22.3,454700
4265,2005-05-04,22.63,22.7,22.49,22.5,683200
4266,2005-05-03,22.61,22.92,22.38,22.49,276500
4267,2005-05-02,22.44,22.71,22.27,22.6,568700
4268,2005-04-29,22.25,22.46,22.01,22.39,740100
4269,2005-04-28,22.64,22.64,22.12,22.17,539900
4270,2005-04-27,22.21,22.73,22.02,22.64,605100
4271,2005-04-26,22.46,22.62,22.2,22.2,484500
4272,2005-04-25,22.65,22.8,22.35,22.5,283100
4273,2005-04-22,23.0,23.1,22.33,22.5,636300
4274,2005-04-21,23.28,23.4,22.89,22.99,547400
4275,2005-04-20,23.57,23.7,22.92,22.95,861900
4276,2005-04-19,23.7,23.84,22.83,23.6,1244800
4277,2005-04-18,22.24,22.55,22.11,22.24,1145800
4278,2005-04-15,22.57,22.73,22.16,22.28,1480100
4279,2005-04-14,23.4,23.41,22.63,22.63,838000
4280,2005-04-13,24.0,24.0,23.18,23.39,1425000
4281,2005-04-12,24.04,24.25,23.77,24.19,285100
4282,2005-04-11,24.14,24.18,23.78,24.04,431500
4283,2005-04-08,24.85,24.85,24.22,24.24,528900
4284,2005-04-07,24.66,24.91,24.57,24.83,211400
4285,2005-04-06,24.43,24.79,24.43,24.65,302800
4286,2005-04-05,24.48,24.6,24.4,24.42,282100
4287,2005-04-04,24.53,24.56,24.12,24.48,215000
4288,2005-04-01,24.36,24.6,24.15,24.53,426300
4289,2005-03-31,24.13,24.5,24.13,24.29,245900
4290,2005-03-30,24.11,24.39,24.05,24.19,226100
4291,2005-03-29,24.6,24.7,23.98,23.98,421400
4292,2005-03-28,24.68,24.81,24.45,24.59,370400
4293,2005-03-24,24.76,24.93,24.62,24.67,429200
4294,2005-03-23,24.7,24.74,24.54,24.69,396600
4295,2005-03-22,24.65,24.83,24.6,24.7,491600
4296,2005-03-21,24.75,24.8,24.59,24.68,412900
4297,2005-03-18,24.74,24.75,24.39,24.67,1746500
4298,2005-03-17,24.85,24.85,24.6,24.8,531100
4299,2005-03-16,24.88,24.97,24.63,24.68,500300
4300,2005-03-15,24.9,24.94,24.79,24.87,487200
4301,2005-03-14,24.93,24.93,24.72,24.89,582100
4302,2005-03-11,25.0,25.06,24.83,24.87,370900
4303,2005-03-10,25.15,25.15,24.62,25.09,321100
4304,2005-03-09,24.7,25.17,24.5,25.03,604400
4305,2005-03-08,25.19,25.28,24.93,25.18,346000
4306,2005-03-07,25.15,25.32,25.1,25.19,401700
4307,2005-03-04,24.98,25.63,24.98,25.29,582100
4308,2005-03-03,24.9,24.97,24.6,24.75,489600
4309,2005-03-02,24.88,24.99,24.61,24.89,397400
4310,2005-03-01,24.52,24.9,24.49,24.88,582700
4311,2005-02-28,24.65,24.91,24.31,24.52,1409200
4312,2005-02-25,24.78,24.94,24.72,24.94,592800
4313,2005-02-24,24.3,24.77,24.19,24.77,771800
4314,2005-02-23,24.1,24.39,23.78,24.3,761900
4315,2005-02-22,23.96,24.1,23.39,23.4,355500
4316,2005-02-18,23.68,23.99,23.59,23.94,523700
4317,2005-02-17,23.45,23.7,23.35,23.68,536000
4318,2005-02-16,23.2,23.5,23.0,23.3,798900
4319,2005-02-15,23.1,23.3,23.02,23.18,259000
4320,2005-02-14,23.15,23.3,23.12,23.15,150900
4321,2005-02-11,23.07,23.3,22.99,23.14,379600
4322,2005-02-10,23.32,23.49,23.0,23.07,433300
4323,2005-02-09,23.98,23.98,23.25,23.26,431200
4324,2005-02-08,23.53,23.6,23.09,23.34,466500
4325,2005-02-07,23.7,23.7,23.37,23.44,557100
4326,2005-02-04,23.24,23.77,23.24,23.77,690800
4327,2005-02-03,23.21,23.21,23.0,23.17,279400
4328,2005-02-02,22.95,23.24,22.86,23.17,432000
4329,2005-02-01,22.31,22.91,22.1,22.85,782400
4330,2005-01-31,22.34,22.63,22.24,22.31,231700
4331,2005-01-28,22.35,22.36,22.11,22.2,277000
4332,2005-01-27,22.18,22.44,22.16,22.34,407000
4333,2005-01-26,22.15,22.21,21.89,22.08,479500
4334,2005-01-25,22.4,22.5,21.87,22.0,1157500
4335,2005-01-24,22.48,22.53,22.18,22.26,692300
4336,2005-01-21,22.8,22.8,22.44,22.47,1002600
4337,2005-01-20,22.75,23.65,22.63,22.8,1823700
4338,2005-01-19,23.23,23.38,22.65,23.17,711300
4339,2005-01-18,23.29,23.32,22.99,23.23,1027100
4340,2005-01-14,22.95,23.34,22.95,23.29,1010800
4341,2005-01-13,22.76,23.03,22.61,22.87,733500
4342,2005-01-12,22.4,22.75,22.3,22.68,923200
4343,2005-01-11,22.61,22.65,22.4,22.4,381700
4344,2005-01-10,22.41,22.84,22.38,22.68,517100
4345,2005-01-07,22.45,22.51,22.25,22.41,655400
4346,2005-01-06,22.62,22.72,22.3,22.39,713000
4347,2005-01-05,22.95,23.1,22.55,22.62,408000
4348,2005-01-04,23.53,23.53,22.88,22.89,299800
4349,2005-01-03,23.55,23.68,23.28,23.28,349800
4350,2004-12-31,23.52,23.7,23.4,23.55,202600
4351,2004-12-30,23.38,23.57,23.33,23.54,113700
4352,2004-12-29,23.47,23.51,23.25,23.43,164000
4353,2004-12-28,23.18,23.39,23.0,23.39,198500
4354,2004-12-27,23.25,23.25,22.89,23.12,140800
4355,2004-12-23,23.2,23.3,22.97,23.17,144800
4356,2004-12-22,23.0,23.32,22.91,23.16,396600
4357,2004-12-21,22.75,23.0,22.74,22.97,328800
4358,2004-12-20,22.61,22.8,22.46,22.65,269800
4359,2004-12-17,22.53,22.63,22.42,22.55,444900
4360,2004-12-16,22.55,22.83,22.55,22.63,429400
4361,2004-12-15,22.65,23.07,22.65,22.75,438800
4362,2004-12-14,22.55,22.76,22.55,22.72,225500
4363,2004-12-13,22.5,22.75,22.34,22.65,351900
4364,2004-12-10,22.5,22.63,22.44,22.55,186500
4365,2004-12-09,22.46,22.72,22.18,22.61,373200
4366,2004-12-08,22.75,22.75,22.39,22.48,341400
4367,2004-12-07,23.26,23.3,22.69,22.72,391900
4368,2004-12-06,23.2,23.24,23.0,23.16,170300
4369,2004-12-03,23.38,23.54,23.12,23.19,359200
4370,2004-12-02,23.41,23.54,23.3,23.32,213800
4371,2004-12-01,23.1,23.53,23.0,23.53,237000
4372,2004-11-30,22.97,23.1,22.91,23.0,213500
4373,2004-11-29,23.19,23.25,22.89,23.03,450700
4374,2004-11-26,23.25,23.25,23.05,23.09,109500
4375,2004-11-24,22.99,23.25,22.99,23.06,239700
4376,2004-11-23,23.16,23.17,22.71,22.95,478000
4377,2004-11-22,22.9,23.15,22.83,23.14,295700
4378,2004-11-19,22.95,23.04,22.66,22.86,415600
4379,2004-11-18,22.88,23.05,22.79,22.98,327900
4380,2004-11-17,22.79,23.14,22.65,22.81,443300
4381,2004-11-16,22.6,22.73,22.32,22.69,475600
4382,2004-11-15,22.95,22.95,22.45,22.57,485400
4383,2004-11-12,22.93,23.02,22.7,23.02,268800
4384,2004-11-11,22.77,23.03,22.57,22.99,150100
4385,2004-11-10,22.45,22.77,22.41,22.67,332400
4386,2004-11-09,22.69,22.87,22.38,22.5,367400
4387,2004-11-08,22.59,22.7,22.35,22.58,355500
4388,2004-11-05,22.55,22.66,22.4,22.5,327400
4389,2004-11-04,22.18,22.58,22.18,22.55,405200
4390,2004-11-03,22.4,22.48,22.02,22.17,484000
4391,2004-11-02,22.29,22.45,21.92,22.11,401600
4392,2004-11-01,21.93,22.25,21.85,22.14,343800
4393,2004-10-29,21.48,22.13,21.48,21.93,393800
4394,2004-10-28,21.62,21.66,21.28,21.5,336600
4395,2004-10-27,21.75,21.91,21.43,21.55,355500
4396,2004-10-26,21.7,21.81,21.35,21.57,454500
4397,2004-10-25,21.85,21.96,21.55,21.89,531000
4398,2004-10-22,22.25,22.63,21.89,21.9,379800
4399,2004-10-21,22.15,22.48,22.05,22.35,390300
4400,2004-10-20,22.31,22.75,21.85,22.15,1214100
4401,2004-10-19,22.5,22.82,21.3,21.75,2468000
4402,2004-10-18,23.31,23.46,22.95,23.39,245200
4403,2004-10-15,23.49,23.6,23.28,23.41,246700
4404,2004-10-14,23.55,23.68,23.42,23.42,272700
4405,2004-10-13,24.0,24.01,23.38,23.55,221400
4406,2004-10-12,24.2,24.2,23.82,23.95,586000
4407,2004-10-11,24.2,24.4,24.16,24.3,206500
4408,2004-10-08,24.1,24.3,23.94,24.11,269100
4409,2004-10-07,24.44,24.55,24.1,24.17,372400
4410,2004-10-06,24.23,24.55,24.17,24.55,258500
4411,2004-10-05,24.4,24.4,24.12,24.2,333800
4412,2004-10-04,24.55,24.61,24.35,24.43,233200
4413,2004-10-01,24.48,24.6,24.23,24.37,352100
4414,2004-09-30,24.04,24.49,24.04,24.47,401600
4415,2004-09-29,23.41,24.04,23.41,24.04,576200
4416,2004-09-28,22.79,23.41,22.79,23.41,501400
4417,2004-09-27,23.14,23.14,22.77,22.79,319200
4418,2004-09-24,23.01,23.19,22.94,23.13,427800
4419,2004-09-23,23.05,23.34,23.03,23.07,345800
4420,2004-09-22,23.08,23.29,22.99,23.13,585900
4421,2004-09-21,23.32,23.35,22.95,23.14,550900
4422,2004-09-20,23.52,23.65,23.31,23.32,206700
4423,2004-09-17,23.9,23.9,23.5,23.5,294000
4424,2004-09-16,23.7,23.9,23.66,23.89,90100
4425,2004-09-15,23.68,23.76,23.53,23.65,99600
4426,2004-09-14,23.68,23.76,23.5,23.63,243300
4427,2004-09-13,23.55,23.67,23.33,23.62,189400
4428,2004-09-10,23.75,23.75,23.38,23.51,313900
4429,2004-09-09,23.77,24.0,23.67,23.8,273400
4430,2004-09-08,24.3,24.3,23.76,23.76,180300
4431,2004-09-07,23.77,24.08,23.71,24.08,267000
4432,2004-09-03,23.6,23.7,23.3,23.52,212200
4433,2004-09-02,23.24,23.71,23.24,23.65,177900
4434,2004-09-01,22.95,23.35,22.92,23.24,336700
4435,2004-08-31,22.84,23.02,22.65,22.9,243400
4436,2004-08-30,23.13,23.22,22.85,22.91,108800
4437,2004-08-27,23.3,23.36,23.08,23.1,252200
4438,2004-08-26,23.4,23.75,23.25,23.25,341200
4439,2004-08-25,23.41,23.51,23.16,23.5,504500
4440,2004-08-24,23.24,23.49,23.14,23.42,310700
4441,2004-08-23,23.45,23.5,23.04,23.04,248600
4442,2004-08-20,22.85,23.6,22.76,23.5,344600
4443,2004-08-19,22.8,23.01,22.75,22.95,179900
4444,2004-08-18,22.39,23.0,22.17,22.98,415700
4445,2004-08-17,22.26,22.55,22.26,22.4,669500
4446,2004-08-16,22.28,22.65,22.26,22.36,486600
4447,2004-08-13,22.3,22.46,22.12,22.18,157000
4448,2004-08-12,22.39,22.39,22.07,22.31,371400
4449,2004-08-11,22.6,22.6,22.31,22.38,262400
4450,2004-08-10,22.45,22.7,22.36,22.68,244600
4451,2004-08-09,22.32,22.68,22.32,22.41,206800
4452,2004-08-06,22.6,22.6,22.23,22.38,455300
4453,2004-08-05,23.16,23.2,22.73,22.8,285300
4454,2004-08-04,23.15,23.38,22.92,23.26,259000
4455,2004-08-03,23.35,23.4,23.15,23.22,151400
4456,2004-08-02,23.3,23.54,22.94,23.52,343600
4457,2004-07-30,23.5,23.58,23.33,23.36,252900
4458,2004-07-29,23.67,23.67,23.29,23.5,235300
4459,2004-07-28,23.7,23.79,23.16,23.67,525300
4460,2004-07-27,23.66,23.82,23.56,23.65,966100
4461,2004-07-26,23.68,23.94,23.45,23.58,316700
4462,2004-07-23,23.85,23.95,23.51,23.52,397600
4463,2004-07-22,24.18,24.19,23.7,23.85,568700
4464,2004-07-21,24.5,24.79,24.26,24.28,1334800
4465,2004-07-20,24.5,25.02,24.0,25.0,1549100
4466,2004-07-19,24.24,24.33,24.02,24.12,196100
4467,2004-07-16,24.25,24.69,24.2,24.24,282400
4468,2004-07-15,24.2,24.55,24.05,24.19,368400
4469,2004-07-14,23.86,24.72,23.7,24.3,1019500
4470,2004-07-13,23.85,23.92,23.66,23.84,386400
4471,2004-07-12,23.6,23.8,23.51,23.74,329700
4472,2004-07-09,23.68,23.92,23.53,23.64,244100
4473,2004-07-08,23.7,23.85,23.64,23.67,336900
4474,2004-07-07,23.75,23.98,23.74,23.82,388800
4475,2004-07-06,23.74,23.84,23.52,23.62,389700
4476,2004-07-02,23.77,23.86,23.6,23.78,266200
4477,2004-07-01,23.98,23.98,23.59,23.72,615700
4478,2004-06-30,23.91,23.99,23.68,23.9,622300
4479,2004-06-29,23.6,24.0,23.6,23.9,367700
4480,2004-06-28,23.78,23.89,23.59,23.73,412200
4481,2004-06-25,23.7,23.95,23.62,23.8,576400
4482,2004-06-24,23.7,23.93,23.7,23.85,348200
4483,2004-06-23,23.7,23.8,23.58,23.7,216200
4484,2004-06-22,23.57,23.89,23.46,23.82,270700
4485,2004-06-21,23.54,23.68,23.35,23.56,335800
4486,2004-06-18,23.4,23.7,23.4,23.55,539100
4487,2004-06-17,23.2,23.87,23.2,23.59,600700
4488,2004-06-16,23.26,23.39,23.03,23.2,511100
4489,2004-06-15,23.21,23.61,23.2,23.23,470700
4490,2004-06-14,23.5,23.56,23.08,23.1,272100
4491,2004-06-10,23.64,24.0,23.64,23.71,178700
4492,2004-06-09,24.0,24.0,23.67,23.68,215300
4493,2004-06-08,23.97,24.0,23.76,23.95,259800
4494,2004-06-07,23.7,23.99,23.7,23.9,370200
4495,2004-06-04,23.5,23.62,23.38,23.6,541300
4496,2004-06-03,23.75,23.75,23.34,23.38,308200
4497,2004-06-02,23.85,23.97,23.59,23.75,552900
4498,2004-06-01,23.52,23.83,23.47,23.77,438500
4499,2004-05-28,23.55,23.57,23.39,23.5,340100
4500,2004-05-27,23.4,23.63,23.34,23.6,577700
4501,2004-05-26,23.45,23.45,23.25,23.4,440100
4502,2004-05-25,23.33,23.48,23.18,23.32,1139600
4503,2004-05-24,23.25,23.55,23.16,23.33,379400
4504,2004-05-21,22.92,23.25,22.92,23.11,643600
4505,2004-05-20,22.75,23.1,22.71,22.85,534900
4506,2004-05-19,22.5,23.0,22.41,22.75,1751200
4507,2004-05-18,21.65,22.08,21.62,21.9,561000
4508,2004-05-17,21.55,21.64,21.2,21.49,517000
4509,2004-05-14,21.79,21.9,21.65,21.76,584800
4510,2004-05-13,21.5,21.88,21.5,21.78,939200
4511,2004-05-12,21.4,21.62,21.12,21.5,576200
4512,2004-05-11,21.15,21.59,21.05,21.5,1076600
4513,2004-05-10,21.43,21.48,20.99,21.17,428800
4514,2004-05-07,22.25,22.44,21.42,21.44,420100
4515,2004-05-06,22.4,22.45,21.85,22.31,580000
4516,2004-05-05,22.69,22.75,22.45,22.45,322300
4517,2004-05-04,22.45,22.86,22.45,22.69,437700
4518,2004-05-03,22.38,22.74,21.73,22.6,1084100
4519,2004-04-30,22.35,22.35,21.81,21.98,834300
4520,2004-04-29,22.55,22.8,22.11,22.35,767700
4521,2004-04-28,23.25,23.25,22.7,22.75,365700
4522,2004-04-27,23.6,23.61,23.18,23.25,701500
4523,2004-04-26,23.61,23.8,23.35,23.5,687400
4524,2004-04-23,23.96,23.96,23.16,23.61,746100
4525,2004-04-22,23.5,24.21,23.5,23.95,627800
4526,2004-04-21,23.35,23.63,23.11,23.6,903800
4527,2004-04-20,23.99,24.1,22.9,23.05,1330600
4528,2004-04-19,24.6,24.95,24.19,24.63,566400
4529,2004-04-16,24.2,25.21,24.0,24.8,1208700
4530,2004-04-15,23.49,24.11,23.48,24.01,722100
4531,2004-04-14,23.3,23.6,23.3,23.48,481200
4532,2004-04-13,23.26,23.81,23.12,23.58,956100
4533,2004-04-12,22.85,23.2,22.85,23.19,274000
4534,2004-04-08,23.07,23.29,22.77,22.9,147600
4535,2004-04-07,22.97,23.16,22.77,23.0,217500
4536,2004-04-06,22.94,23.08,22.83,23.02,134200
4537,2004-04-05,23.15,23.15,22.94,23.04,173100
4538,2004-04-02,22.95,23.14,22.93,23.02,383100
4539,2004-04-01,22.7,22.88,22.45,22.88,487300
4540,2004-03-31,22.8,22.8,22.36,22.56,289500
4541,2004-03-30,22.3,22.7,22.29,22.7,427100
4542,2004-03-29,22.13,22.53,22.13,22.43,519500
4543,2004-03-26,22.15,22.23,21.95,22.12,505000
4544,2004-03-25,21.8,22.29,21.8,22.15,498900
4545,2004-03-24,22.0,22.0,21.63,21.68,603800
4546,2004-03-23,22.16,22.37,21.94,22.0,677900
4547,2004-03-22,22.85,22.85,22.06,22.15,1547900
4548,2004-03-19,22.53,23.03,22.53,22.96,668700
4549,2004-03-18,22.83,23.13,22.45,22.6,492300
4550,2004-03-17,21.97,22.94,21.97,22.83,537000
4551,2004-03-16,21.89,22.33,21.76,21.95,435100
4552,2004-03-15,22.05,22.05,21.63,21.75,240600
4553,2004-03-12,21.72,22.21,21.61,22.2,183700
4554,2004-03-11,21.81,22.04,21.61,21.62,239200
4555,2004-03-10,22.43,22.54,21.82,21.85,295500
4556,2004-03-09,22.97,22.98,22.45,22.53,312900
4557,2004-03-08,23.3,23.31,22.9,22.92,220100
4558,2004-03-05,23.1,23.29,23.03,23.15,278700
4559,2004-03-04,23.26,23.26,22.93,23.12,303000
4560,2004-03-03,23.6,23.6,22.94,23.16,284200
4561,2004-03-02,23.84,23.85,23.42,23.5,290200
4562,2004-03-01,23.56,23.97,23.56,23.89,407200
4563,2004-02-27,23.35,23.61,23.34,23.56,267200
4564,2004-02-26,23.2,23.48,23.0,23.39,515500
4565,2004-02-25,22.95,23.25,22.79,23.2,217300
4566,2004-02-24,23.0,23.19,22.74,22.85,474800
4567,2004-02-23,23.25,23.28,22.69,22.87,458100
4568,2004-02-20,22.6,23.33,22.6,23.11,499100
4569,2004-02-19,22.36,22.88,22.29,22.74,224200
4570,2004-02-18,22.58,22.58,22.12,22.36,203600
4571,2004-02-17,22.47,22.54,22.16,22.43,186000
4572,2004-02-13,22.05,22.3,21.94,22.12,166000
4573,2004-02-12,22.32,22.32,21.93,21.99,196500
4574,2004-02-11,22.3,22.43,22.17,22.37,191600
4575,2004-02-10,22.06,22.38,22.06,22.31,114300
4576,2004-02-09,22.14,22.3,21.85,22.08,196700
4577,2004-02-06,21.5,22.25,21.38,22.24,263400
4578,2004-02-05,21.3,21.5,21.11,21.49,170900
4579,2004-02-04,21.58,21.58,21.1,21.15,233300
4580,2004-02-03,21.62,21.9,21.35,21.58,289100
4581,2004-02-02,21.65,21.91,21.54,21.65,428500
4582,2004-01-30,21.2,21.66,21.1,21.64,315600
4583,2004-01-29,21.3,21.67,21.16,21.3,305700
4584,2004-01-28,21.9,22.03,21.38,21.38,231000
4585,2004-01-27,21.7,21.93,21.54,21.9,490300
4586,2004-01-26,21.6,22.08,21.59,21.95,588600
4587,2004-01-23,22.21,22.25,21.58,21.62,609400
4588,2004-01-22,22.81,22.81,21.99,22.2,916600
4589,2004-01-21,22.98,22.98,22.69,22.8,577000
4590,2004-01-20,22.5,23.24,22.47,22.98,562200
4591,2004-01-16,22.55,22.69,22.38,22.66,242600
4592,2004-01-15,22.78,22.78,22.3,22.55,141500
4593,2004-01-14,22.45,22.75,22.41,22.63,122700
4594,2004-01-13,22.25,22.51,22.11,22.51,410000
4595,2004-01-12,22.29,22.33,22.07,22.24,336200
4596,2004-01-09,22.6,22.63,22.39,22.39,297000
4597,2004-01-08,22.49,22.65,22.31,22.6,379300
4598,2004-01-07,22.0,22.45,21.87,22.3,602500
4599,2004-01-06,22.03,22.04,21.8,21.86,150200
4600,2004-01-05,21.66,22.09,21.66,22.02,266100
4601,2004-01-02,21.86,22.12,21.67,21.71,218500
4602,2003-12-31,21.6,22.11,21.55,21.86,470600
4603,2003-12-30,21.45,21.6,21.35,21.5,294400
4604,2003-12-29,21.35,21.45,21.3,21.43,325800
4605,2003-12-26,21.35,21.35,21.3,21.33,53000
4606,2003-12-24,21.3,21.35,21.22,21.35,114500
4607,2003-12-23,21.4,21.4,21.27,21.35,207700
4608,2003-12-22,21.24,21.5,21.24,21.38,245100
4609,2003-12-19,21.55,21.55,21.25,21.39,272100
4610,2003-12-18,21.35,21.5,21.25,21.5,494700
4611,2003-12-17,21.3,21.35,21.23,21.34,363600
4612,2003-12-16,21.36,21.36,21.16,21.29,1164600
4613,2003-12-15,21.4,21.5,21.24,21.25,543200
4614,2003-12-12,21.22,21.41,21.08,21.3,427900
4615,2003-12-11,21.28,21.28,21.18,21.25,981000
4616,2003-12-10,21.46,21.56,21.31,21.45,413200
4617,2003-12-09,21.38,21.84,21.2,21.46,587900
4618,2003-12-08,20.99,21.4,20.99,21.24,460500
4619,2003-12-05,20.92,21.25,20.83,21.01,543400
4620,2003-12-04,20.9,21.42,20.9,21.17,632300
4621,2003-12-03,20.0,21.11,19.99,21.0,1407600
4622,2003-12-02,20.16,20.16,19.94,19.96,379900
4623,2003-12-01,19.81,20.14,19.81,20.06,245000
4624,2003-11-28,19.72,19.81,19.67,19.71,78300
4625,2003-11-26,19.95,19.95,19.5,19.67,133200
4626,2003-11-25,19.68,19.78,19.52,19.77,173900
4627,2003-11-24,19.46,19.78,19.4,19.78,150700
4628,2003-11-21,19.4,19.49,19.25,19.41,137300
4629,2003-11-20,19.6,19.6,19.34,19.36,148900
4630,2003-11-19,19.65,19.65,19.38,19.44,183400
4631,2003-11-18,19.9,20.0,19.53,19.61,181300
4632,2003-11-17,20.01,20.1,19.68,19.88,153500
4633,2003-11-14,19.95,20.35,19.95,20.01,394100
4634,2003-11-13,19.73,19.98,19.73,19.9,302500
4635,2003-11-12,19.47,19.85,19.47,19.76,417100
4636,2003-11-11,19.4,19.56,19.37,19.47,117900
4637,2003-11-10,19.94,19.98,19.34,19.37,269900
4638,2003-11-07,19.78,20.12,19.77,19.95,747400
4639,2003-11-06,19.55,19.79,19.32,19.78,224400
4640,2003-11-05,19.71,19.79,19.4,19.49,185800
4641,2003-11-04,19.9,19.9,19.65,19.81,216000
4642,2003-11-03,19.9,20.0,19.71,19.71,182000
4643,2003-10-31,19.8,20.0,19.7,19.7,149800
4644,2003-10-30,19.45,19.9,19.34,19.71,839000
4645,2003-10-29,19.15,19.37,19.1,19.25,202000
4646,2003-10-28,19.01,19.29,18.95,19.16,209800
4647,2003-10-27,19.2,19.28,18.89,19.0,174000
4648,2003-10-24,19.2,19.25,19.0,19.2,254400
4649,2003-10-23,18.97,19.18,18.85,19.1,244700
4650,2003-10-22,19.35,19.35,19.0,19.1,465300
4651,2003-10-21,19.8,19.86,19.39,19.48,407200
4652,2003-10-20,19.97,20.0,19.72,19.73,181400
4653,2003-10-17,20.35,20.48,19.84,19.97,195100
4654,2003-10-16,20.5,20.58,20.24,20.33,510500
4655,2003-10-15,20.75,20.75,20.14,20.6,481900
4656,2003-10-14,20.37,20.37,19.56,19.92,707800
4657,2003-10-13,20.25,20.53,20.17,20.37,86900
4658,2003-10-10,20.4,20.4,20.05,20.28,226000
4659,2003-10-09,20.1,20.2,19.8,20.2,292500
4660,2003-10-08,19.9,20.22,19.9,19.98,182800
4661,2003-10-07,19.95,20.0,19.78,19.98,166900
4662,2003-10-06,19.96,20.19,19.87,19.99,136500
4663,2003-10-03,19.97,20.1,19.72,19.86,236100
4664,2003-10-02,19.87,19.9,19.59,19.86,224500
4665,2003-10-01,19.43,19.83,19.43,19.83,285200
4666,2003-09-30,19.61,19.7,19.3,19.42,254200
4667,2003-09-29,19.26,19.61,19.21,19.61,140600
4668,2003-09-26,19.33,19.5,19.11,19.25,239800
4669,2003-09-25,19.96,19.99,19.39,19.4,248900
4670,2003-09-24,20.13,20.13,19.7,19.86,175900
4671,2003-09-23,19.94,20.0,19.86,20.0,320200
4672,2003-09-22,20.37,20.37,19.91,19.98,139900
4673,2003-09-19,20.55,20.55,20.24,20.37,193900
4674,2003-09-18,20.47,20.59,20.19,20.46,203900
4675,2003-09-17,20.25,20.55,20.05,20.52,227800
4676,2003-09-16,20.0,20.21,19.9,20.2,301600
4677,2003-09-15,20.0,20.16,19.89,20.05,143300
4678,2003-09-12,20.09,20.21,19.8,20.03,340600
4679,2003-09-11,20.4,20.5,20.16,20.19,260300
4680,2003-09-10,20.48,20.6,20.22,20.43,358200
4681,2003-09-09,20.28,20.8,20.1,20.61,350000
4682,2003-09-08,20.1,20.48,20.1,20.41,121000
4683,2003-09-05,20.15,20.17,20.0,20.1,177200
4684,2003-09-04,20.1,20.34,19.94,20.25,381800
4685,2003-09-03,20.26,20.34,20.09,20.1,232800
4686,2003-09-02,20.14,20.43,20.14,20.25,320900
4687,2003-08-29,20.18,20.2,20.06,20.14,70900
4688,2003-08-28,19.9,20.3,19.8,20.22,209600
4689,2003-08-27,19.78,19.93,19.66,19.87,84200
4690,2003-08-26,19.75,19.8,19.58,19.73,166500
4691,2003-08-25,19.93,19.99,19.75,19.8,155500
4692,2003-08-22,20.4,20.46,19.93,19.93,226200
4693,2003-08-21,20.25,20.5,20.15,20.45,203200
4694,2003-08-20,20.16,20.49,20.1,20.31,248800
4695,2003-08-19,20.15,20.33,19.99,20.16,223100
4696,2003-08-18,20.3,20.3,20.15,20.23,238300
4697,2003-08-15,19.98,20.2,19.8,20.2,162300
4698,2003-08-14,19.5,19.98,19.5,19.92,248500
4699,2003-08-13,19.57,19.66,19.53,19.6,116000
4700,2003-08-12,19.5,19.57,19.15,19.57,102000
4701,2003-08-11,19.31,19.65,19.28,19.43,232500
4702,2003-08-08,19.12,19.43,19.02,19.31,221700
4703,2003-08-07,18.86,19.24,18.85,19.02,240600
4704,2003-08-06,18.8,19.0,18.7,18.92,195800
4705,2003-08-05,18.9,19.03,18.75,18.89,185300
4706,2003-08-04,18.93,19.03,18.65,18.95,243900
4707,2003-08-01,18.9,18.99,18.64,18.8,271000
4708,2003-07-31,19.09,19.11,18.7,18.9,327400
4709,2003-07-30,19.0,19.21,18.85,19.04,393700
4710,2003-07-29,19.0,19.04,18.8,18.94,305000
4711,2003-07-28,18.9,19.15,18.75,18.97,313800
4712,2003-07-25,18.75,18.95,18.69,18.8,272800
4713,2003-07-24,18.8,19.0,18.6,18.82,291200
4714,2003-07-23,18.92,18.92,18.51,18.65,258800
4715,2003-07-22,18.55,19.0,18.52,19.0,525100
4716,2003-07-21,18.53,18.61,18.27,18.56,379800
4717,2003-07-18,18.3,18.59,18.3,18.59,215200
4718,2003-07-17,18.6,18.61,18.28,18.28,286800
4719,2003-07-16,18.51,18.65,18.43,18.64,629400
4720,2003-07-15,18.05,18.62,18.04,18.51,378600
4721,2003-07-14,18.26,18.55,18.03,18.05,259200
4722,2003-07-11,17.9,18.26,17.9,18.26,351300
4723,2003-07-10,18.15,18.17,17.84,17.84,194200
4724,2003-07-09,18.32,18.5,18.15,18.15,216200
4725,2003-07-08,18.47,18.56,18.28,18.39,331800
4726,2003-07-07,18.4,18.59,18.28,18.47,579900
4727,2003-07-03,18.35,18.53,18.25,18.39,178200
4728,2003-07-02,18.48,18.73,18.27,18.49,289800
4729,2003-07-01,18.43,18.5,18.11,18.42,433600
4730,2003-06-30,18.65,18.77,18.39,18.43,235300
4731,2003-06-27,19.2,19.2,18.51,18.65,727600
4732,2003-06-26,18.45,18.54,18.25,18.35,153200
4733,2003-06-25,18.45,18.75,18.25,18.32,297200
4734,2003-06-24,18.13,18.48,18.13,18.24,407000
4735,2003-06-23,18.3,18.32,18.0,18.12,545900
4736,2003-06-20,18.12,18.48,17.94,18.36,1211100
4737,2003-06-19,18.2,18.25,18.11,18.11,628700
4738,2003-06-18,18.2,18.22,18.03,18.15,357900
4739,2003-06-17,18.07,18.32,18.07,18.22,329000
4740,2003-06-16,17.9,18.17,17.7,18.07,277600
4741,2003-06-13,17.93,17.99,17.83,17.9,305300
4742,2003-06-12,17.86,17.93,17.61,17.93,210100
4743,2003-06-11,17.5,17.76,17.23,17.76,288600
4744,2003-06-10,17.41,17.61,17.33,17.5,634400
4745,2003-06-09,17.63,17.64,17.4,17.4,615600
4746,2003-06-06,17.95,18.0,17.63,17.68,368100
4747,2003-06-05,18.05,18.13,17.91,17.95,184600
4748,2003-06-04,18.0,18.27,17.9,18.05,319700
4749,2003-06-03,18.0,18.1,17.91,17.94,230100
4750,2003-06-02,18.2,18.2,17.9,18.0,691700
4751,2003-05-30,17.7,18.04,17.69,18.0,525300
4752,2003-05-29,17.9,18.13,17.67,17.73,392300
4753,2003-05-28,18.3,18.3,18.05,18.07,349700
4754,2003-05-27,18.32,18.38,18.13,18.21,317800
4755,2003-05-23,18.33,18.46,18.2,18.33,138500
4756,2003-05-22,18.1,18.46,18.05,18.33,231600
4757,2003-05-21,18.07,18.31,18.03,18.17,185800
4758,2003-05-20,17.86,18.3,17.86,18.17,205200
4759,2003-05-19,18.2,18.23,18.06,18.11,327400
4760,2003-05-16,18.41,18.51,18.18,18.3,466000
4761,2003-05-15,18.35,18.47,18.18,18.41,170100
4762,2003-05-14,18.48,18.51,18.17,18.26,115500
4763,2003-05-13,18.5,18.59,18.28,18.38,152600
4764,2003-05-12,18.68,18.68,18.47,18.57,203400
4765,2003-05-09,18.5,18.68,18.4,18.65,154600
4766,2003-05-08,18.4,18.64,18.3,18.5,251500
4767,2003-05-07,18.65,18.67,18.5,18.53,198300
4768,2003-05-06,18.64,18.68,18.52,18.65,144700
4769,2003-05-05,18.7,18.7,18.55,18.64,287300
4770,2003-05-02,18.55,18.85,18.55,18.62,192000
4771,2003-05-01,18.65,18.69,18.46,18.6,349200
4772,2003-04-30,18.75,18.88,18.5,18.81,233800
4773,2003-04-29,18.86,19.09,18.72,18.81,141000
4774,2003-04-28,18.6,19.04,18.6,18.76,228700
4775,2003-04-25,18.37,18.6,18.25,18.6,359800
4776,2003-04-24,18.48,18.58,18.29,18.37,134300
4777,2003-04-23,18.54,18.73,18.3,18.6,448300
4778,2003-04-22,18.3,18.5,18.26,18.49,214900
4779,2003-04-21,18.6,18.64,18.28,18.3,288300
4780,2003-04-17,18.25,18.4,18.06,18.2,152500
4781,2003-04-16,18.32,18.4,18.0,18.07,193900
4782,2003-04-15,18.6,18.6,18.19,18.32,279700
4783,2003-04-14,17.99,18.64,17.99,18.64,224500
4784,2003-04-11,18.05,18.3,17.68,17.99,151900
4785,2003-04-10,17.75,17.95,17.71,17.94,142200
4786,2003-04-09,18.0,18.24,17.75,17.75,176800
4787,2003-04-08,18.1,18.11,17.77,18.01,204800
4788,2003-04-07,18.25,18.51,18.09,18.16,188900
4789,2003-04-04,18.2,18.27,17.87,18.13,113400
4790,2003-04-03,18.49,18.5,18.05,18.2,150100
4791,2003-04-02,17.98,18.49,17.98,18.43,757800
4792,2003-04-01,18.01,18.01,17.54,17.78,167400
4793,2003-03-31,17.94,18.06,17.32,18.01,268200
4794,2003-03-28,17.67,18.04,17.55,18.04,172400
4795,2003-03-27,17.66,17.88,17.45,17.72,174000
4796,2003-03-26,17.78,17.87,17.58,17.71,202300
4797,2003-03-25,17.79,18.1,17.6,17.88,239800
4798,2003-03-24,18.1,18.1,17.32,17.72,253000
4799,2003-03-21,17.81,18.44,17.78,18.4,298200
4800,2003-03-20,17.95,17.95,17.48,17.8,269800
4801,2003-03-19,17.65,18.0,17.5,18.0,236600
4802,2003-03-18,17.7,17.74,17.35,17.59,284000
4803,2003-03-17,17.22,17.58,16.88,17.56,252700
4804,2003-03-14,16.7,17.24,16.55,17.22,346400
4805,2003-03-13,16.42,16.8,16.34,16.68,407500
4806,2003-03-12,16.42,16.72,16.42,16.67,222400
4807,2003-03-11,16.6,16.99,16.45,16.5,174000
4808,2003-03-10,17.0,17.0,16.54,16.6,168400
4809,2003-03-07,16.84,17.13,16.73,17.01,304500
4810,2003-03-06,16.72,17.07,16.61,16.88,344300
4811,2003-03-05,17.0,17.08,16.75,16.82,182700
4812,2003-03-04,17.01,17.05,16.86,16.96,178500
4813,2003-03-03,17.24,17.48,16.93,17.01,288500
4814,2003-02-28,17.05,17.3,17.05,17.25,253800
4815,2003-02-27,17.0,17.19,16.88,17.14,153100
4816,2003-02-26,16.95,17.14,16.73,16.87,248900
4817,2003-02-25,16.88,17.21,16.7,16.95,253400
4818,2003-02-24,16.8,17.11,16.56,16.92,227500
4819,2003-02-21,16.45,16.81,16.28,16.81,549600
4820,2003-02-20,16.95,17.03,16.4,16.45,245100
4821,2003-02-19,17.15,17.15,16.82,16.91,148900
4822,2003-02-18,16.94,17.24,16.94,17.15,158500
4823,2003-02-14,17.0,17.21,16.77,16.92,245800
4824,2003-02-13,16.95,17.12,16.71,17.0,207200
4825,2003-02-12,17.05,17.28,16.91,16.95,123000
4826,2003-02-11,17.11,17.3,16.93,17.06,207600
4827,2003-02-10,17.3,17.31,17.04,17.11,306900
4828,2003-02-07,17.28,17.38,17.19,17.2,169400
4829,2003-02-06,17.34,17.4,17.15,17.2,216500
4830,2003-02-05,17.3,17.79,17.3,17.34,321900
4831,2003-02-04,17.16,17.31,17.02,17.19,286500
4832,2003-02-03,16.78,17.2,16.78,17.16,306400
4833,2003-01-31,16.61,16.82,16.57,16.77,375800
4834,2003-01-30,17.0,17.0,16.64,16.64,160100
4835,2003-01-29,16.92,17.04,16.74,17.0,240800
4836,2003-01-28,17.05,17.25,16.8,17.0,441600
4837,2003-01-27,17.7,17.7,16.97,16.99,274100
4838,2003-01-24,17.75,17.85,17.37,17.72,241100
4839,2003-01-23,18.0,18.08,17.6,17.76,307600
4840,2003-01-22,18.2,18.35,18.0,18.14,168400
4841,2003-01-21,18.65,18.75,18.19,18.25,158900
4842,2003-01-17,18.85,18.91,18.55,18.63,142800
4843,2003-01-16,18.7,19.1,18.7,18.98,131700
4844,2003-01-15,18.95,19.05,18.56,18.88,229400
4845,2003-01-14,19.05,19.09,18.9,19.04,182100
4846,2003-01-13,19.1,19.23,18.95,19.06,301000
4847,2003-01-10,18.85,19.14,18.8,19.0,405300
4848,2003-01-09,18.67,19.05,18.67,18.9,197000
4849,2003-01-08,18.85,18.99,18.6,18.65,320000
4850,2003-01-07,18.7,19.05,18.7,18.85,438100
4851,2003-01-06,18.75,18.83,18.57,18.69,233600
4852,2003-01-03,18.24,18.68,18.24,18.6,970000
4853,2003-01-02,17.9,18.26,17.78,18.24,756000
4854,2002-12-31,17.75,18.24,17.53,18.24,328800
4855,2002-12-30,17.53,17.92,17.29,17.78,242600
4856,2002-12-27,17.61,17.74,17.4,17.56,127500
4857,2002-12-26,17.7,17.73,17.31,17.62,305800
4858,2002-12-24,17.6,17.75,17.51,17.55,101600
4859,2002-12-23,18.24,18.24,17.54,17.7,377600
4860,2002-12-20,18.4,18.6,18.07,18.25,796800
4861,2002-12-19,17.41,18.1,17.41,18.05,269100
4862,2002-12-18,17.7,17.95,17.5,17.51,186400
4863,2002-12-17,18.0,18.1,17.75,17.75,216900
4864,2002-12-16,17.38,18.06,17.3,18.06,342400
4865,2002-12-13,17.43,17.6,17.25,17.4,318700
4866,2002-12-12,17.49,17.71,17.42,17.46,186100
4867,2002-12-11,17.35,17.66,17.24,17.5,415300
4868,2002-12-10,17.32,17.56,17.32,17.45,135700
4869,2002-12-09,17.64,17.64,17.32,17.36,341600
4870,2002-12-06,17.6,17.9,17.54,17.74,212800
4871,2002-12-05,17.65,17.79,17.5,17.68,102100
4872,2002-12-04,17.55,17.9,17.3,17.69,176700
4873,2002-12-03,18.0,18.0,17.59,17.61,113300
4874,2002-12-02,17.91,18.0,17.6,18.0,433200
4875,2002-11-29,17.65,17.93,17.45,17.9,193000
4876,2002-11-27,17.35,17.6,17.3,17.55,321500
4877,2002-11-26,17.61,17.72,17.09,17.23,270200
4878,2002-11-25,17.55,17.8,17.32,17.51,198500
4879,2002-11-22,17.7,17.99,17.58,17.58,305600
4880,2002-11-21,17.1,17.8,17.08,17.8,161700
4881,2002-11-20,17.0,17.1,16.84,17.0,291100
4882,2002-11-19,17.0,17.13,16.9,17.05,129300
4883,2002-11-18,17.5,17.5,17.03,17.09,187200
4884,2002-11-15,17.14,17.74,17.14,17.49,343300
4885,2002-11-14,16.74,17.45,16.74,17.24,121000
4886,2002-11-13,16.5,17.05,16.3,16.64,150600
4887,2002-11-12,16.35,16.82,16.2,16.63,233200
4888,2002-11-11,16.9,16.92,16.31,16.35,147700
4889,2002-11-08,16.99,17.15,16.81,16.92,175700
4890,2002-11-07,17.15,17.15,16.8,16.99,300600
4891,2002-11-06,17.06,17.35,16.8,17.2,248200
4892,2002-11-05,17.15,17.33,16.81,17.03,168200
4893,2002-11-04,17.53,17.53,17.0,17.2,155200
4894,2002-11-01,17.34,17.42,17.0,17.42,227100
4895,2002-10-31,17.07,17.38,16.85,17.38,166000
4896,2002-10-30,17.25,17.38,16.85,17.07,187300
4897,2002-10-29,17.22,17.4,16.81,17.26,215200
4898,2002-10-28,17.65,17.65,17.2,17.27,211700
4899,2002-10-25,16.9,17.77,16.9,17.77,229200
4900,2002-10-24,17.64,17.64,16.74,16.93,264500
4901,2002-10-23,17.17,17.65,17.09,17.63,312100
4902,2002-10-22,17.45,17.45,17.1,17.27,153500
4903,2002-10-21,16.9,17.58,16.9,17.58,244400
4904,2002-10-18,17.31,17.31,16.7,17.01,421700
4905,2002-10-17,17.2,17.64,17.2,17.38,355000
4906,2002-10-16,17.25,17.5,17.05,17.05,351700
4907,2002-10-15,17.2,17.75,17.2,17.75,558700
4908,2002-10-14,17.1,17.51,16.8,16.98,561100
4909,2002-10-11,17.25,17.52,17.0,17.32,599500
4910,2002-10-10,17.0,17.14,16.69,17.0,389800
4911,2002-10-09,17.1,17.1,16.77,17.0,416800
4912,2002-10-08,16.95,17.3,16.95,17.25,447500
4913,2002-10-07,17.09,17.26,16.87,16.98,458500
4914,2002-10-04,17.47,17.64,17.07,17.09,229600
4915,2002-10-03,17.42,17.9,17.15,17.43,144200
4916,2002-10-02,18.0,18.0,17.11,17.32,350900
4917,2002-10-01,17.53,18.13,17.38,18.07,293900
4918,2002-09-30,17.8,17.8,17.11,17.51,483400
4919,2002-09-27,17.85,17.99,17.46,17.8,311200
4920,2002-09-26,17.6,17.98,17.6,17.95,310000
4921,2002-09-25,17.3,17.77,17.3,17.6,273900
4922,2002-09-24,17.2,17.3,16.73,17.25,649300
4923,2002-09-23,17.55,17.55,17.11,17.27,415400
4924,2002-09-20,17.55,17.68,17.28,17.55,354400
4925,2002-09-19,17.51,17.73,17.0,17.46,341300
4926,2002-09-18,17.86,17.86,17.6,17.69,415400
4927,2002-09-17,17.9,18.12,17.7,17.89,290500
4928,2002-09-16,17.73,17.9,17.73,17.86,258100
4929,2002-09-13,17.9,18.05,17.7,17.75,237700
4930,2002-09-12,18.15,18.26,17.9,18.0,354000
4931,2002-09-11,18.3,18.44,18.2,18.25,99600
4932,2002-09-10,18.2,18.45,18.14,18.3,171500
4933,2002-09-09,18.19,18.35,17.84,18.2,205900
4934,2002-09-06,18.0,18.26,17.97,18.23,190000
4935,2002-09-05,18.46,18.55,17.9,17.91,390000
4936,2002-09-04,18.42,18.65,18.01,18.45,234200
4937,2002-09-03,18.7,18.7,18.17,18.48,311300
4938,2002-08-30,18.73,19.05,18.73,18.83,346800
4939,2002-08-29,18.68,18.85,18.35,18.75,209800
4940,2002-08-28,18.95,19.0,18.45,18.68,87900
4941,2002-08-27,19.2,19.32,18.96,19.05,229600
4942,2002-08-26,18.9,19.22,18.75,19.22,166800
4943,2002-08-23,19.34,19.37,18.86,18.92,231000
4944,2002-08-22,19.25,19.48,19.08,19.37,239400
4945,2002-08-21,18.96,19.3,18.75,19.29,262200
4946,2002-08-20,18.9,18.98,18.52,18.96,230800
4947,2002-08-19,18.55,19.04,18.45,18.92,136200
4948,2002-08-16,19.1,19.1,18.25,18.58,170100
4949,2002-08-15,18.67,18.94,18.25,18.9,189900
4950,2002-08-14,18.55,18.78,18.0,18.65,249400
4951,2002-08-13,18.75,18.84,18.3,18.49,288900
4952,2002-08-12,18.83,18.83,18.34,18.76,169600
4953,2002-08-09,19.12,19.12,18.56,18.86,299300
4954,2002-08-08,18.5,19.12,18.5,19.12,293200
4955,2002-08-07,18.28,18.9,18.19,18.89,281500
4956,2002-08-06,17.98,18.57,17.98,18.52,334000
4957,2002-08-05,18.53,18.55,17.93,17.94,254900
4958,2002-08-02,18.95,18.95,18.22,18.58,366600
4959,2002-08-01,18.99,19.3,18.6,18.99,394700
4960,2002-07-31,19.1,19.29,18.8,19.0,287500
4961,2002-07-30,19.2,19.26,18.68,19.23,542200
4962,2002-07-29,18.7,19.26,18.65,19.2,431000
4963,2002-07-26,18.25,18.59,17.99,18.55,655900
4964,2002-07-25,17.1,17.73,17.05,17.71,448800
4965,2002-07-24,16.65,17.18,16.27,17.11,373600
4966,2002-07-23,16.56,16.81,16.34,16.78,1141800
4967,2002-07-22,17.08,17.08,16.5,16.62,789100
4968,2002-07-19,17.4,17.4,16.95,17.1,697800
4969,2002-07-18,17.35,17.6,16.9,17.3,451800
4970,2002-07-17,17.4,17.75,17.36,17.5,710500
4971,2002-07-16,17.38,17.67,17.19,17.21,765900
4972,2002-07-15,18.16,18.16,17.01,17.5,1377700
4973,2002-07-12,18.35,18.6,18.0,18.31,129400
4974,2002-07-11,18.2,18.34,17.75,18.28,301300
4975,2002-07-10,18.9,18.93,18.15,18.35,545500
4976,2002-07-09,19.06,19.07,18.79,18.8,326200
4977,2002-07-08,19.4,19.41,19.02,19.06,187300
4978,2002-07-05,18.9,19.58,18.9,19.45,71500
4979,2002-07-03,18.8,18.98,18.45,18.98,295100
4980,2002-07-02,19.2,19.4,18.6,18.82,398200
4981,2002-07-01,19.85,19.85,19.2,19.29,234200
4982,2002-06-28,19.5,20.0,19.42,19.89,293800
4983,2002-06-27,19.76,19.76,19.26,19.6,214400
4984,2002-06-26,19.7,19.79,18.9,19.75,251600
4985,2002-06-25,19.5,19.81,19.4,19.75,151000
4986,2002-06-24,19.55,19.6,19.2,19.55,137200
4987,2002-06-21,19.2,19.58,19.2,19.58,320900
4988,2002-06-20,19.6,19.76,19.48,19.54,252600
4989,2002-06-19,19.81,19.91,19.7,19.78,211300
4990,2002-06-18,19.7,19.95,19.54,19.86,154600
4991,2002-06-17,19.48,19.74,19.31,19.72,165300
4992,2002-06-14,19.23,19.58,18.81,19.48,248400
4993,2002-06-13,19.55,19.7,19.25,19.25,134800
4994,2002-06-12,19.4,19.65,19.2,19.55,96200
4995,2002-06-11,19.7,19.95,19.24,19.3,81600
4996,2002-06-10,19.7,19.91,19.68,19.72,115100
4997,2002-06-07,19.15,19.88,19.14,19.7,138900
4998,2002-06-06,19.5,19.52,19.19,19.26,129700
4999,2002-06-05,19.3,19.67,19.27,19.64,113000
5000,2002-06-04,19.34,19.34,19.01,19.25,368100
5001,2002-06-03,20.1,20.11,19.3,19.38,201400
5002,2002-05-31,19.65,20.19,19.64,20.14,155500
5003,2002-05-30,19.71,19.74,19.42,19.66,306200
5004,2002-05-29,20.0,20.0,19.62,19.72,78700
5005,2002-05-28,19.8,19.99,19.66,19.95,159100
5006,2002-05-24,19.7,19.9,19.64,19.68,156700
5007,2002-05-23,19.8,19.88,19.5,19.75,182800
5008,2002-05-22,19.9,19.96,19.55,19.8,184100
5009,2002-05-21,19.85,20.03,19.85,19.94,410500
5010,2002-05-20,20.2,20.2,19.8,19.9,229900
5011,2002-05-17,20.67,20.7,20.08,20.3,438700
5012,2002-05-16,20.8,21.1,20.35,20.67,221300
5013,2002-05-15,20.5,20.97,20.5,20.86,153400
5014,2002-05-14,20.3,20.77,20.3,20.75,289700
5015,2002-05-13,19.9,20.38,19.87,20.34,114200
5016,2002-05-10,20.3,20.31,19.84,19.99,153500
5017,2002-05-09,20.55,20.9,20.2,20.4,155400
5018,2002-05-08,20.85,21.05,19.9,20.42,154500
5019,2002-05-07,20.6,20.85,20.46,20.72,260600
5020,2002-05-06,20.35,20.91,20.35,20.6,489500
5021,2002-05-03,19.85,20.43,19.6,20.25,214000
5022,2002-05-02,19.53,20.11,19.53,19.9,157000
5023,2002-05-01,19.7,19.79,19.45,19.53,120500
5024,2002-04-30,19.35,19.78,19.32,19.75,271000
5025,2002-04-29,19.3,19.38,19.25,19.31,108800
5026,2002-04-26,19.45,19.5,19.28,19.3,189000
5027,2002-04-25,19.15,19.36,18.9,19.2,133800
5028,2002-04-24,19.55,19.84,19.22,19.22,189300
5029,2002-04-23,19.6,19.87,19.58,19.67,201800
5030,2002-04-22,19.85,19.87,19.55,19.65,225300
5031,2002-04-19,19.83,20.0,19.77,19.91,153700
5032,2002-04-18,19.95,19.95,19.38,19.76,167500
5033,2002-04-17,20.0,20.05,19.78,19.88,226000
5034,2002-04-16,19.8,20.1,19.8,19.99,247500
5035,2002-04-15,19.75,20.15,19.67,20.0,481100
5036,2002-04-12,19.65,19.65,19.34,19.59,139900
5037,2002-04-11,19.82,20.0,19.6,19.6,300100
5038,2002-04-10,19.72,19.95,19.6,19.85,231000
5039,2002-04-09,20.0,20.0,19.7,19.71,282600
5040,2002-04-08,19.85,19.98,19.85,19.95,135600
5041,2002-04-05,20.2,20.2,19.92,19.99,390500
5042,2002-04-04,19.95,20.18,19.85,20.16,934600
5043,2002-04-03,19.8,20.05,19.6,19.95,363300
5044,2002-04-02,19.7,19.85,19.66,19.8,82600
5045,2002-04-01,19.79,19.94,19.5,19.75,166300
5046,2002-03-28,19.75,19.88,19.67,19.79,108900
5047,2002-03-27,19.8,19.87,19.55,19.8,181200
5048,2002-03-26,19.3,19.74,19.21,19.64,167900
5049,2002-03-25,19.51,19.63,19.29,19.4,322400
5050,2002-03-22,19.25,19.54,19.21,19.51,192400
5051,2002-03-21,19.55,19.63,19.43,19.5,231600
5052,2002-03-20,19.49,19.6,19.25,19.55,334600
5053,2002-03-19,19.85,19.85,19.35,19.59,241900
5054,2002-03-18,19.4,19.65,19.11,19.65,114600
5055,2002-03-15,19.0,19.46,18.83,19.46,322600
5056,2002-03-14,18.85,18.97,18.73,18.93,221900
5057,2002-03-13,19.25,19.25,18.71,18.83,247100
5058,2002-03-12,19.0,19.41,19.0,19.33,106100
5059,2002-03-11,19.4,19.45,19.02,19.33,340200
5060,2002-03-08,19.65,19.7,19.3,19.5,238600
5061,2002-03-07,19.68,19.69,19.51,19.58,81500
5062,2002-03-06,19.52,19.7,19.4,19.63,141900
5063,2002-03-05,19.7,19.8,19.4,19.57,222300
5064,2002-03-04,19.5,19.76,19.5,19.6,163300
5065,2002-03-01,19.18,19.5,18.73,19.49,462900
5066,2002-02-28,19.2,19.25,19.01,19.18,105900
5067,2002-02-27,19.1,19.47,18.97,19.23,338300
5068,2002-02-26,18.85,19.28,18.55,19.07,225500
5069,2002-02-25,18.85,19.0,18.84,18.95,195800
5070,2002-02-22,18.15,18.95,18.1,18.62,293400
5071,2002-02-21,18.15,18.5,18.1,18.22,252500
5072,2002-02-20,17.66,18.19,17.5,18.19,232100
5073,2002-02-19,17.75,18.0,17.6,17.66,155800
5074,2002-02-15,18.1,18.1,17.74,17.85,235200
5075,2002-02-14,18.2,18.4,17.7,17.75,240000
5076,2002-02-13,17.65,18.22,17.65,18.2,177000
5077,2002-02-12,18.07,18.1,17.6,17.65,458900
5078,2002-02-11,17.84,18.65,17.75,18.07,351400
5079,2002-02-08,17.2,17.86,17.2,17.82,235400
5080,2002-02-07,17.3,17.36,17.19,17.2,175400
5081,2002-02-06,17.2,17.55,16.95,17.3,553500
5082,2002-02-05,17.7,17.75,17.52,17.6,146200
5083,2002-02-04,18.2,18.2,17.73,17.78,261300
5084,2002-02-01,18.0,18.34,18.0,18.27,398600
5085,2002-01-31,17.75,18.25,17.65,17.94,367100
5086,2002-01-30,17.4,17.87,17.32,17.76,123100
5087,2002-01-29,17.75,17.98,17.3,17.33,327500
5088,2002-01-28,17.61,17.8,17.58,17.6,310500
5089,2002-01-25,17.5,18.1,17.42,17.61,250300
5090,2002-01-24,17.1,17.56,17.06,17.42,711300
5091,2002-01-23,16.72,17.25,16.69,17.07,595700
5092,2002-01-22,16.78,17.09,16.45,16.54,617900
5093,2002-01-18,17.25,17.25,16.83,16.83,590900
5094,2002-01-17,17.25,17.58,17.1,17.26,2489000
5095,2002-01-16,18.65,19.05,18.48,18.5,168900
5096,2002-01-15,18.9,19.1,18.52,18.71,262800
5097,2002-01-14,19.08,19.11,18.81,18.9,161500
5098,2002-01-11,19.05,19.28,19.05,19.07,287700
5099,2002-01-10,18.96,19.33,18.96,19.09,394300
5100,2002-01-09,18.9,19.02,18.82,18.96,358600
5101,2002-01-08,18.9,18.94,18.52,18.92,282500
5102,2002-01-07,18.25,18.43,18.18,18.4,236700
5103,2002-01-04,18.29,18.55,18.29,18.41,303400
5104,2002-01-03,18.3,18.48,18.0,18.29,218600
5105,2002-01-02,18.15,18.4,17.9,18.25,482300
5106,2001-12-31,18.4,18.5,18.06,18.15,170800
5107,2001-12-28,18.35,18.64,18.35,18.5,272500
5108,2001-12-27,18.19,18.41,18.12,18.12,234100
5109,2001-12-26,17.84,18.29,17.84,18.19,114100
5110,2001-12-24,17.95,17.95,17.75,17.84,161500
5111,2001-12-21,17.05,17.84,17.05,17.82,431100
5112,2001-12-20,17.58,17.58,17.11,17.3,98200
5113,2001-12-19,17.15,17.66,17.03,17.42,229500
5114,2001-12-18,17.2,17.22,16.9,17.08,213500
5115,2001-12-17,17.23,17.63,17.23,17.37,131600
5116,2001-12-14,17.1,17.39,17.1,17.23,127200
5117,2001-12-13,17.1,17.99,16.85,17.0,271700
5118,2001-12-12,17.49,17.49,17.0,17.04,118700
5119,2001-12-11,17.8,17.92,17.47,17.49,126900
5120,2001-12-10,18.25,18.25,17.7,17.71,58400
5121,2001-12-07,18.28,18.37,18.04,18.28,70600
5122,2001-12-06,17.65,18.28,17.62,18.28,153200
5123,2001-12-05,17.6,17.92,17.02,17.56,335200
5124,2001-12-04,17.71,18.21,17.49,17.55,376900
5125,2001-12-03,17.5,17.98,17.43,17.71,163300
5126,2001-11-30,17.8,18.11,17.5,17.5,222300
5127,2001-11-29,17.8,18.0,17.5,17.69,413500
5128,2001-11-28,18.5,18.5,17.78,17.85,76500
5129,2001-11-27,18.09,18.55,17.86,18.55,243100
5130,2001-11-26,17.9,18.28,17.8,18.09,227100
5131,2001-11-23,17.35,17.93,17.35,17.9,99700
5132,2001-11-21,17.05,17.4,16.92,17.35,458600
5133,2001-11-20,17.3,17.3,16.63,17.04,245800
5134,2001-11-19,17.34,17.5,17.2,17.3,152300
5135,2001-11-16,17.33,17.47,17.15,17.34,192300
5136,2001-11-15,17.25,17.49,17.09,17.23,244600
5137,2001-11-14,17.18,17.55,16.95,17.24,207500
5138,2001-11-13,16.43,17.3,16.43,17.18,161200
5139,2001-11-12,16.95,16.95,16.3,16.68,92700
5140,2001-11-09,16.75,16.93,16.48,16.75,189600
5141,2001-11-08,17.65,17.65,16.5,16.6,820200
5142,2001-11-07,18.0,18.09,17.5,17.6,256100
5143,2001-11-06,18.06,18.06,17.59,18.0,135300
5144,2001-11-05,17.95,18.25,17.93,18.06,569100
5145,2001-11-02,17.8,18.1,17.7,17.86,180100
5146,2001-11-01,17.65,18.09,17.43,17.89,145400
5147,2001-10-31,17.75,17.93,17.7,17.7,186000
5148,2001-10-30,17.55,17.72,17.1,17.71,196600
5149,2001-10-29,18.15,18.15,17.4,17.55,238600
5150,2001-10-26,17.98,18.15,17.78,18.15,277200
5151,2001-10-25,17.52,17.98,17.26,17.98,155300
5152,2001-10-24,17.56,17.6,17.2,17.54,251900
5153,2001-10-23,17.94,17.96,17.51,17.51,133100
5154,2001-10-22,17.7,17.98,17.56,17.94,108700
5155,2001-10-19,17.65,17.8,17.4,17.58,218000
5156,2001-10-18,17.61,17.68,17.44,17.65,146100
5157,2001-10-17,17.52,17.95,17.52,17.61,344500
5158,2001-10-16,17.75,18.0,17.67,18.0,392600
5159,2001-10-15,17.45,17.9,17.28,17.8,171700
5160,2001-10-12,18.0,18.01,17.55,17.61,250700
5161,2001-10-11,17.3,17.95,17.14,17.93,243900
5162,2001-10-10,16.6,17.3,16.5,17.3,162700
5163,2001-10-09,16.41,16.6,16.29,16.48,135000
5164,2001-10-08,16.9,17.1,16.24,16.41,145500
5165,2001-10-05,16.41,16.9,16.05,16.9,454000
5166,2001-10-04,15.6,16.86,15.51,16.4,1243200
5167,2001-10-03,14.25,15.6,14.23,15.6,1426000
5168,2001-10-02,14.9,15.1,14.72,14.8,359100
5169,2001-10-01,15.41,15.41,14.95,14.98,396700
5170,2001-09-28,15.55,15.55,15.32,15.45,508700
5171,2001-09-27,15.5,15.6,15.45,15.55,325100
5172,2001-09-26,15.75,15.75,15.45,15.48,492600
5173,2001-09-25,16.05,16.6,15.7,15.7,760000
5174,2001-09-24,15.0,16.2,15.0,15.97,497100
5175,2001-09-21,14.75,15.25,14.75,15.12,333900
5176,2001-09-20,16.0,16.0,15.12,15.35,245400
5177,2001-09-19,16.73,16.85,15.77,16.1,223900
5178,2001-09-18,16.85,16.87,16.72,16.72,262800
5179,2001-09-17,17.0,17.5,16.7,16.75,523800
5180,2001-09-10,18.15,18.48,17.99,18.15,393600
5181,2001-09-07,18.36,18.58,18.21,18.28,204800
5182,2001-09-06,18.8,18.96,18.65,18.71,174000
5183,2001-09-05,18.75,19.09,18.7,18.9,197300
5184,2001-09-04,18.63,19.31,18.52,18.6,211700
5185,2001-08-31,18.05,18.61,18.05,18.38,249000
5186,2001-08-30,18.9,18.9,18.15,18.16,335100
5187,2001-08-29,19.15,19.15,18.61,18.99,422100
5188,2001-08-28,19.0,19.22,18.78,19.1,263600
5189,2001-08-27,19.05,19.35,19.02,19.12,138100
5190,2001-08-24,19.1,19.1,18.91,19.04,339100
5191,2001-08-23,19.4,19.42,18.95,19.1,268800
5192,2001-08-22,19.5,19.55,19.27,19.4,515500
5193,2001-08-21,19.7,19.97,19.36,19.4,250300
5194,2001-08-20,20.1,20.1,19.55,19.9,250600
5195,2001-08-17,20.45,20.45,19.75,20.02,333600
5196,2001-08-16,20.1,20.45,20.1,20.45,275200
5197,2001-08-15,20.5,20.54,20.32,20.45,341200
5198,2001-08-14,20.15,20.57,20.07,20.5,1039000
5199,2001-08-13,19.75,20.16,19.53,19.94,444300
5200,2001-08-10,19.75,19.87,19.27,19.76,482500
5201,2001-08-09,19.65,19.9,19.15,19.75,591900
5202,2001-08-08,19.65,19.82,19.5,19.6,255800
5203,2001-08-07,19.9,19.9,19.7,19.7,194200
5204,2001-08-06,19.88,19.9,19.5,19.9,409900
5205,2001-08-03,19.7,19.9,19.69,19.87,584800
5206,2001-08-02,19.29,19.7,19.28,19.68,720800
5207,2001-08-01,19.3,19.85,19.22,19.26,1317500
5208,2001-07-31,19.74,20.09,19.57,19.75,1249500
5209,2001-07-30,19.35,19.8,19.0,19.74,7595300
5210,2001-07-27,19.1,19.1,17.85,18.85,422700
5211,2001-07-26,19.48,20.7,19.05,19.1,1044500
5212,2001-07-25,18.45,19.4,18.2,19.34,921500
5213,2001-07-24,19.32,19.42,17.9,18.2,558600
5214,2001-07-23,19.15,19.7,19.15,19.3,789500
5215,2001-07-20,18.48,19.08,18.4,19.0,388500
5216,2001-07-19,18.45,18.5,18.11,18.36,295200
5217,2001-07-18,18.0,18.45,17.97,18.36,981800
5218,2001-07-17,18.0,18.0,17.7,17.98,1757300
5219,2001-07-16,17.5,17.85,17.4,17.58,914700
5220,2001-07-13,17.05,17.3,17.01,17.15,214500
5221,2001-07-12,16.92,17.25,16.92,17.06,661600
5222,2001-07-11,16.7,17.05,16.66,16.99,165500
5223,2001-07-10,16.5,16.9,16.47,16.71,306500
5224,2001-07-09,16.1,16.86,16.1,16.59,193900
5225,2001-07-06,16.3,16.4,16.07,16.09,170600
5226,2001-07-05,16.3,16.35,16.02,16.07,56900
5227,2001-07-03,16.55,16.65,16.3,16.3,577200
5228,2001-07-02,15.66,17.0,15.66,16.61,538500
5229,2001-06-29,15.1,16.0,15.1,15.53,633100
5230,2001-06-28,14.88,15.13,14.6,15.09,406400
5231,2001-06-27,15.6,15.6,15.01,15.08,194700
5232,2001-06-26,15.0,16.05,15.0,15.6,261700
5233,2001-06-25,15.65,15.65,14.86,15.0,176600
5234,2001-06-22,16.03,16.1,15.54,15.56,178600
5235,2001-06-21,15.8,16.15,15.8,16.03,203100
5236,2001-06-20,15.6,16.1,15.51,15.99,136300
5237,2001-06-19,15.4,15.85,15.28,15.75,346900
5238,2001-06-18,14.75,15.85,13.75,15.5,397000
5239,2001-06-15,14.85,15.05,14.84,14.85,449900
5240,2001-06-14,15.88,15.88,15.12,15.15,148500
5241,2001-06-13,16.0,16.05,15.86,15.88,71400
5242,2001-06-12,16.1,16.25,15.8,16.05,125700
5243,2001-06-11,16.45,16.45,16.03,16.15,66700
5244,2001-06-08,16.3,16.52,16.21,16.36,34700
5245,2001-06-07,16.55,16.56,16.25,16.3,56100
5246,2001-06-06,16.25,16.65,16.25,16.65,60000
5247,2001-06-05,16.18,16.36,15.75,16.36,143500
5248,2001-06-04,16.1,16.18,15.99,16.18,87600
5249,2001-06-01,15.95,16.18,15.65,16.0,217200
5250,2001-05-31,16.15,16.25,15.8,16.0,124000
5251,2001-05-30,16.46,16.49,16.15,16.15,107100
5252,2001-05-29,16.25,16.54,16.25,16.45,131100
5253,2001-05-25,16.1,16.6,16.1,16.3,637500
5254,2001-05-24,16.1,16.25,15.95,16.18,524700
5255,2001-05-23,16.05,16.24,15.9,16.1,446800
5256,2001-05-22,16.6,16.75,16.05,16.05,276300
5257,2001-05-21,16.2,16.98,16.2,16.6,635000
5258,2001-05-18,16.3,16.46,16.1,16.25,216400
5259,2001-05-17,15.75,16.7,15.73,16.5,626100
5260,2001-05-16,15.5,15.9,15.41,15.82,1533400
5261,2001-05-15,14.1,14.24,14.05,14.24,342900
5262,2001-05-14,13.98,14.05,13.92,14.05,230900
5263,2001-05-11,13.95,14.1,13.95,14.0,99500
5264,2001-05-10,14.0,14.18,13.91,13.95,133700
5265,2001-05-09,13.95,14.1,13.92,14.0,150100
5266,2001-05-08,13.85,14.1,13.85,13.98,185500
5267,2001-05-07,14.28,14.28,14.1,14.1,117800
5268,2001-05-04,14.03,14.25,14.03,14.23,78000
5269,2001-05-03,14.22,14.25,14.03,14.03,260000
5270,2001-05-02,14.35,14.35,14.08,14.2,107900
5271,2001-05-01,14.2,14.33,14.06,14.25,263900
5272,2001-04-30,14.15,14.24,14.0,14.13,184200
5273,2001-04-27,13.8,14.1,13.55,13.92,524000
5274,2001-04-26,13.8,13.8,13.55,13.75,379700
5275,2001-04-25,13.95,14.0,13.6,13.7,798300
5276,2001-04-24,14.22,14.22,13.75,13.94,350400
5277,2001-04-23,14.15,14.39,14.05,14.18,493400
5278,2001-04-20,14.19,14.4,14.02,14.1,458900
5279,2001-04-19,14.08,14.3,14.07,14.18,342000
5280,2001-04-18,14.48,14.65,14.05,14.05,5895500
5281,2001-04-17,14.65,14.65,14.2,14.48,109600
5282,2001-04-16,13.7,14.87,13.7,14.65,309900
5283,2001-04-12,13.98,13.98,13.5,13.7,64800
5284,2001-04-11,13.98,14.0,13.76,13.98,70100
5285,2001-04-10,13.77,13.99,13.77,13.9,108300
5286,2001-04-09,13.6,13.93,13.6,13.76,151300
5287,2001-04-06,13.8,13.8,13.37,13.7,33400
5288,2001-04-05,13.4,13.9,13.25,13.9,121000
5289,2001-04-04,13.46,13.46,12.85,13.4,224600
5290,2001-04-03,13.44,13.5,12.92,13.45,180100
5291,2001-04-02,13.1,13.5,13.02,13.45,195200
5292,2001-03-30,13.7,13.78,13.15,13.2,229600
5293,2001-03-29,13.85,14.0,13.45,13.65,143300
5294,2001-03-28,13.96,14.0,13.19,13.81,109300
5295,2001-03-27,13.75,14.07,13.32,13.95,148900
5296,2001-03-26,13.05,14.0,13.04,13.85,121700
5297,2001-03-23,13.0,13.08,12.65,13.05,272200
5298,2001-03-22,13.1,13.18,12.75,13.0,277200
5299,2001-03-21,13.4,13.5,13.16,13.3,58400
5300,2001-03-20,13.6,13.83,13.38,13.38,86700
5301,2001-03-19,13.5,13.66,13.3,13.6,62800
5302,2001-03-16,13.35,13.7,13.21,13.5,109500
5303,2001-03-15,13.73,14.0,13.2,13.2,99400
5304,2001-03-14,13.63,14.06,13.63,13.73,109200
5305,2001-03-13,14.25,14.25,13.0,13.63,130700
5306,2001-03-12,14.4,14.68,14.28,14.29,46600
5307,2001-03-09,14.62,14.82,14.6,14.74,93100
5308,2001-03-08,14.91,14.91,14.57,14.7,146600
5309,2001-03-07,14.73,14.95,14.6,14.91,188600
5310,2001-03-06,14.98,14.98,14.65,14.8,126200
5311,2001-03-05,14.4,14.99,14.4,14.98,171200
5312,2001-03-02,14.28,14.5,14.25,14.5,156900
5313,2001-03-01,14.5,14.5,13.95,14.38,65900
5314,2001-02-28,14.25,14.5,13.9,14.5,332400
5315,2001-02-27,14.25,14.43,14.2,14.31,170500
5316,2001-02-26,13.89,14.6,13.89,14.5,285000
5317,2001-02-23,13.65,13.94,13.55,13.88,88400
5318,2001-02-22,14.0,14.0,13.6,13.6,151300
5319,2001-02-21,14.12,14.12,13.86,13.95,106200
5320,2001-02-20,14.15,14.23,14.0,14.02,49400
5321,2001-02-16,14.2,14.24,14.04,14.1,61000
5322,2001-02-15,14.1,14.25,14.07,14.24,94600
5323,2001-02-14,13.9,14.18,13.9,14.13,121400
5324,2001-02-13,14.18,14.22,14.0,14.22,138200
5325,2001-02-12,14.15,14.2,13.82,14.18,167100
5326,2001-02-09,14.17,14.3,14.11,14.22,209000
5327,2001-02-08,14.2,14.45,14.16,14.19,100800
5328,2001-02-07,14.3,14.3,14.12,14.2,98900
5329,2001-02-06,14.2,14.43,14.15,14.35,124900
5330,2001-02-05,14.1,14.4,14.0,14.2,117000
5331,2001-02-02,14.04,14.3,14.04,14.05,136100
5332,2001-02-01,14.2,14.45,14.0,14.04,137200
5333,2001-01-31,14.0,14.49,14.0,14.1,285700
5334,2001-01-30,13.8,14.0,13.75,14.0,278600
5335,2001-01-29,14.1,14.1,13.68,13.8,507600
5336,2001-01-26,14.25,14.31,14.12,14.19,360400
5337,2001-01-25,14.06,14.5,13.94,14.31,246400
5338,2001-01-24,14.31,14.31,13.62,14.12,277200
5339,2001-01-23,13.25,14.5,13.25,14.25,513900
5340,2001-01-22,13.62,14.06,12.88,13.38,219700
5341,2001-01-19,13.88,14.12,13.31,13.5,199700
5342,2001-01-18,14.12,14.38,13.88,14.0,133000
5343,2001-01-17,14.5,14.56,13.5,14.19,351300
5344,2001-01-16,14.25,15.0,13.81,14.5,301500
5345,2001-01-12,14.25,14.31,13.62,14.12,287000
5346,2001-01-11,15.12,15.25,14.06,14.31,193000
5347,2001-01-10,15.5,15.5,15.0,15.0,192400
5348,2001-01-09,16.12,16.12,15.5,15.69,125200
5349,2001-01-08,15.81,16.0,15.75,16.0,124800
5350,2001-01-05,16.38,16.5,15.25,15.69,222000
5351,2001-01-04,15.75,16.31,15.38,16.31,302000
5352,2001-01-03,15.62,16.06,15.5,15.75,85300
5353,2001-01-02,16.06,16.12,15.38,15.62,128400
5354,2000-12-29,16.44,16.75,15.12,16.12,1236000
5355,2000-12-28,16.81,16.81,16.38,16.5,277900
5356,2000-12-27,15.81,16.69,15.56,16.69,183300
5357,2000-12-26,15.75,15.88,15.44,15.81,122000
5358,2000-12-22,15.75,15.75,15.44,15.75,308100
5359,2000-12-21,15.5,15.94,15.38,15.62,594600
5360,2000-12-20,14.62,15.94,14.5,15.62,269500
5361,2000-12-19,14.88,14.88,13.88,14.88,153100
5362,2000-12-18,14.38,15.38,14.31,14.88,181200
5363,2000-12-15,14.06,14.38,12.75,14.38,203000
5364,2000-12-14,15.0,15.0,13.94,14.06,457400
5365,2000-12-13,16.12,16.25,14.88,14.88,200800
5366,2000-12-12,15.88,16.38,15.88,16.0,222400
5367,2000-12-11,15.88,16.12,15.5,16.0,202400
5368,2000-12-08,15.25,15.94,15.12,15.94,158400
5369,2000-12-07,15.0,15.12,14.94,15.0,224300
5370,2000-12-06,15.12,15.38,14.75,15.0,232700
5371,2000-12-05,14.88,15.25,14.88,15.06,410600
5372,2000-12-04,14.94,15.0,14.69,14.81,178200
5373,2000-12-01,14.69,15.06,14.69,14.94,476900
5374,2000-11-30,14.88,14.94,14.38,14.69,131300
5375,2000-11-29,14.81,14.94,14.69,14.88,135000
5376,2000-11-28,14.88,14.94,14.81,14.88,277100
5377,2000-11-27,15.19,15.38,14.75,14.88,204700
5378,2000-11-24,14.88,15.38,14.88,15.19,39000
5379,2000-11-22,14.31,15.12,14.19,14.94,168300
5380,2000-11-21,14.5,14.81,14.25,14.25,45200
5381,2000-11-20,14.12,14.5,14.0,14.31,306400
5382,2000-11-17,14.19,14.25,13.94,14.19,46600
5383,2000-11-16,14.25,14.56,13.88,14.0,251500
5384,2000-11-15,14.62,15.12,14.31,14.44,171200
5385,2000-11-14,13.06,15.0,13.06,14.69,324800
5386,2000-11-13,12.5,13.31,12.0,13.0,3034800
5387,2000-11-10,14.06,14.06,12.0,12.5,1144900
5388,2000-11-09,14.44,14.44,13.81,14.12,214900
5389,2000-11-08,14.69,14.94,14.38,14.44,47700
5390,2000-11-07,14.25,14.75,14.19,14.62,32800
5391,2000-11-06,14.06,14.31,13.94,14.31,40900
5392,2000-11-03,14.44,14.44,13.88,14.06,40700
5393,2000-11-02,14.25,14.62,14.25,14.5,77900
5394,2000-11-01,14.75,14.75,14.0,14.12,962500
5395,2000-10-31,14.75,14.75,14.56,14.69,397800
5396,2000-10-30,13.06,14.75,13.06,14.25,549100
5397,2000-10-27,13.12,13.19,13.0,13.12,36400
5398,2000-10-26,12.38,13.12,12.38,13.12,45300
5399,2000-10-25,12.88,12.94,12.38,12.44,122700
5400,2000-10-24,12.94,13.0,12.88,13.0,89800
5401,2000-10-23,12.88,12.94,12.81,12.94,21600
5402,2000-10-20,12.94,13.06,12.75,12.94,75400
5403,2000-10-19,12.75,13.62,12.75,13.06,204400
5404,2000-10-18,12.25,12.75,12.06,12.75,103500
5405,2000-10-17,12.38,12.5,12.06,12.19,197800
5406,2000-10-16,12.19,12.38,11.88,12.31,97400
5407,2000-10-13,11.88,12.38,11.81,12.31,186100
5408,2000-10-12,11.94,11.94,11.62,11.88,118300
5409,2000-10-11,12.12,12.38,11.81,12.06,386500
5410,2000-10-10,12.12,12.12,12.0,12.12,116900
5411,2000-10-09,12.06,12.38,11.88,12.12,370100
5412,2000-10-06,11.0,12.12,11.0,12.12,529200
5413,2000-10-05,11.25,11.38,10.88,10.88,24700
5414,2000-10-04,11.12,11.38,11.06,11.38,75700
5415,2000-10-03,11.25,11.44,11.0,11.0,179500
5416,2000-10-02,11.0,11.38,10.88,11.25,72700
5417,2000-09-29,11.31,11.38,10.81,11.06,75800
5418,2000-09-28,10.62,11.75,10.56,11.31,1865000
5419,2000-09-27,10.44,10.5,10.25,10.5,143000
5420,2000-09-26,10.5,10.5,10.31,10.44,46500
5421,2000-09-25,10.75,10.88,10.5,10.5,31300
5422,2000-09-22,10.94,11.0,10.75,10.81,97000
5423,2000-09-21,11.5,11.62,11.12,11.31,83000
5424,2000-09-20,12.0,12.19,11.75,11.88,263600
5425,2000-09-19,12.12,12.19,12.06,12.12,76900
5426,2000-09-18,12.06,12.25,12.0,12.06,68900
5427,2000-09-15,12.38,12.38,12.0,12.12,380000
5428,2000-09-14,12.69,12.75,12.31,12.5,184000
5429,2000-09-13,12.25,12.69,12.25,12.69,77900
5430,2000-09-12,12.38,12.44,12.25,12.31,36300
5431,2000-09-11,12.5,12.5,12.25,12.38,202700
5432,2000-09-08,12.5,12.94,12.38,12.5,284900
5433,2000-09-07,12.75,12.88,12.5,12.56,90400
5434,2000-09-06,12.62,12.81,12.44,12.75,120600
5435,2000-09-05,12.12,13.19,12.06,12.75,535000
5436,2000-09-01,11.88,12.06,11.75,12.06,141300
5437,2000-08-31,11.69,11.75,11.62,11.69,131800
5438,2000-08-30,11.75,11.75,11.69,11.69,106500
5439,2000-08-29,11.81,11.88,11.75,11.75,95800
5440,2000-08-28,12.0,12.0,11.62,11.88,178400
5441,2000-08-25,11.38,11.75,11.31,11.75,270800
5442,2000-08-24,11.31,11.38,11.19,11.25,104800
5443,2000-08-23,11.5,11.5,11.25,11.31,74200
5444,2000-08-22,10.88,11.75,10.88,11.62,78100
5445,2000-08-21,11.12,11.12,10.75,10.75,337400
5446,2000-08-18,11.44,11.44,11.0,11.25,69500
5447,2000-08-17,11.5,11.69,11.5,11.56,160800
5448,2000-08-16,11.44,11.75,11.25,11.62,87800
5449,2000-08-15,11.5,11.5,11.12,11.31,59000
5450,2000-08-14,11.38,11.75,11.06,11.44,92700
5451,2000-08-11,10.88,11.5,10.88,11.5,53900
5452,2000-08-10,11.5,11.5,11.0,11.0,68300
5453,2000-08-09,10.69,11.75,10.62,11.62,151500
5454,2000-08-08,11.06,11.19,10.69,10.69,52700
5455,2000-08-07,10.88,11.25,10.75,11.12,40400
5456,2000-08-04,10.69,10.94,10.62,10.94,40500
5457,2000-08-03,11.0,11.06,10.62,10.75,99200
5458,2000-08-02,10.88,11.0,10.62,11.0,105500
5459,2000-08-01,11.25,11.25,10.81,10.94,57000
5460,2000-07-31,10.81,11.38,10.81,11.38,55200
5461,2000-07-28,10.81,10.94,10.75,10.75,97900
5462,2000-07-27,10.75,11.0,10.75,10.88,195300
5463,2000-07-26,10.88,10.94,10.75,10.81,38800
5464,2000-07-25,11.0,11.19,10.88,10.88,32300
5465,2000-07-24,11.5,11.5,11.0,11.12,259700
5466,2000-07-21,11.62,11.88,11.62,11.62,118300
5467,2000-07-20,11.75,11.75,11.56,11.62,80600
5468,2000-07-19,11.88,11.88,11.25,11.5,143900
5469,2000-07-18,11.88,12.0,11.81,12.0,123100
5470,2000-07-17,11.81,12.0,11.75,11.94,148600
5471,2000-07-14,11.62,11.94,11.56,11.88,173100
5472,2000-07-13,11.44,11.88,11.44,11.69,146800
5473,2000-07-12,11.25,11.5,11.25,11.5,54300
5474,2000-07-11,11.0,11.31,10.88,11.25,206700
5475,2000-07-10,11.12,11.31,11.0,11.0,103000
5476,2000-07-07,11.12,11.25,10.88,11.12,82700
5477,2000-07-06,11.12,11.25,10.88,11.25,58700
5478,2000-07-05,11.38,11.38,11.0,11.25,161500
5479,2000-07-03,10.88,11.38,10.88,11.31,174800
5480,2000-06-30,12.25,12.5,10.12,10.12,1202100
5481,2000-06-29,11.62,12.38,11.38,12.12,292900
5482,2000-06-28,10.88,11.88,10.81,11.62,199200
5483,2000-06-27,10.5,11.0,10.5,11.0,203500
5484,2000-06-26,10.38,10.69,10.25,10.62,307100
5485,2000-06-23,10.44,10.62,10.31,10.5,69700
5486,2000-06-22,10.88,11.0,10.25,10.69,205200
5487,2000-06-21,10.25,11.0,10.25,11.0,122900
5488,2000-06-20,10.81,10.88,10.12,10.5,183500
5489,2000-06-19,10.75,11.12,10.62,11.0,178200
5490,2000-06-16,11.12,11.12,10.69,10.69,417700
5491,2000-06-15,11.56,11.81,11.12,11.25,140000
5492,2000-06-14,11.5,11.69,11.31,11.56,137200
5493,2000-06-13,11.38,11.5,11.12,11.5,128400
5494,2000-06-12,11.12,11.38,11.0,11.38,215100
5495,2000-06-09,11.06,11.38,11.0,11.25,136600
5496,2000-06-08,11.19,11.25,11.06,11.06,279300
5497,2000-06-07,11.31,11.38,11.0,11.25,303500
5498,2000-06-06,11.12,11.31,11.12,11.31,353700
5499,2000-06-05,11.06,11.38,11.0,11.12,102800
5500,2000-06-02,11.25,11.38,11.0,11.06,183500
5501,2000-06-01,11.38,11.75,11.0,11.25,359100
5502,2000-05-31,11.56,11.75,11.5,11.5,204900
5503,2000-05-30,11.5,11.69,11.25,11.69,217400
5504,2000-05-26,11.44,11.88,11.38,11.88,159000
5505,2000-05-25,11.25,11.5,11.25,11.44,526000
5506,2000-05-24,11.5,11.56,11.25,11.38,209300
5507,2000-05-23,11.75,11.88,11.38,11.62,258000
5508,2000-05-22,12.06,12.19,11.81,11.81,522400
5509,2000-05-19,12.0,12.25,12.0,12.12,334900
5510,2000-05-18,12.25,12.31,11.94,12.0,94500
5511,2000-05-17,12.31,12.44,12.25,12.38,195300
5512,2000-05-16,12.5,12.62,12.12,12.38,251500
5513,2000-05-15,12.0,12.75,12.0,12.62,227300
5514,2000-05-12,12.0,12.12,11.94,12.0,171600
5515,2000-05-11,11.88,12.06,11.75,12.0,404400
5516,2000-05-10,11.75,12.06,11.56,12.0,383700
5517,2000-05-09,11.75,11.88,11.62,11.81,87000
5518,2000-05-08,11.88,12.0,11.75,11.88,117900
5519,2000-05-05,11.62,12.0,11.56,11.94,240000
5520,2000-05-04,11.56,11.75,11.5,11.75,180500
5521,2000-05-03,11.62,11.69,11.5,11.56,105600
5522,2000-05-02,11.88,11.88,11.56,11.75,159200
5523,2000-05-01,11.75,11.94,11.38,11.62,138900
5524,2000-04-28,11.12,11.88,11.0,11.88,284100
5525,2000-04-27,11.0,11.25,10.81,10.81,246300
5526,2000-04-26,11.25,11.38,11.0,11.0,391800
5527,2000-04-25,11.06,11.56,11.0,11.25,621900
5528,2000-04-24,10.75,11.38,10.75,10.88,355700
5529,2000-04-20,10.94,11.0,10.62,10.62,193500
5530,2000-04-19,10.5,11.25,10.5,10.94,531900
5531,2000-04-18,10.38,10.81,10.25,10.62,862200
5532,2000-04-17,10.0,10.38,10.0,10.38,321300
5533,2000-04-14,10.5,10.62,10.0,10.12,269900
5534,2000-04-13,10.69,10.81,10.62,10.62,243200
5535,2000-04-12,10.56,11.0,10.56,10.81,392000
5536,2000-04-11,10.25,10.62,10.25,10.56,315000
5537,2000-04-10,10.5,10.75,10.25,10.31,139400
5538,2000-04-07,10.5,10.62,10.25,10.5,262800
5539,2000-04-06,10.25,11.12,10.12,10.81,296700
5540,2000-04-05,9.94,10.38,9.88,10.25,196100
5541,2000-04-04,10.38,10.38,10.0,10.06,411000
5542,2000-04-03,10.38,10.38,10.06,10.31,108400
5543,2000-03-31,9.81,10.5,9.75,10.5,627300
5544,2000-03-30,9.81,10.12,9.81,9.81,235200
5545,2000-03-29,9.81,9.94,9.81,9.81,253000
5546,2000-03-28,9.88,10.0,9.75,9.81,157900
5547,2000-03-27,9.75,10.0,9.75,9.88,67600
5548,2000-03-24,9.56,9.88,9.56,9.75,236700
5549,2000-03-23,9.5,9.81,9.5,9.69,477400
5550,2000-03-22,9.62,9.75,9.5,9.56,430300
5551,2000-03-21,9.56,9.81,9.5,9.62,176200
5552,2000-03-20,9.69,9.88,9.5,9.62,473200
5553,2000-03-17,9.75,9.94,9.25,9.56,814800
5554,2000-03-16,9.81,10.25,9.5,9.75,404100
5555,2000-03-15,9.88,9.88,9.25,9.62,1231100
5556,2000-03-14,9.75,10.12,9.75,9.88,660500
5557,2000-03-13,10.0,10.12,9.56,9.75,1767400
5558,2000-03-10,10.5,10.5,10.0,10.25,168900
5559,2000-03-09,10.31,10.81,10.25,10.5,310100
5560,2000-03-08,10.19,10.5,9.88,10.38,424200
5561,2000-03-07,10.62,10.75,10.06,10.25,393500
5562,2000-03-06,10.5,10.81,10.38,10.75,242800
5563,2000-03-03,11.5,11.5,10.88,10.94,160300
5564,2000-03-02,10.88,11.94,10.81,11.5,890300
5565,2000-03-01,10.88,11.25,10.88,11.0,266700
5566,2000-02-29,10.12,11.25,10.0,10.88,1652500
5567,2000-02-28,10.25,10.31,10.0,10.12,366800
5568,2000-02-25,10.31,10.62,10.0,10.44,1095500
5569,2000-02-24,10.12,10.31,9.88,9.94,919900
5570,2000-02-23,9.94,10.31,9.81,10.12,494300
5571,2000-02-22,10.25,10.62,9.88,10.31,314500
5572,2000-02-18,10.5,10.75,10.31,10.5,330700
5573,2000-02-17,10.88,10.88,10.25,10.38,291600
5574,2000-02-16,10.56,10.62,10.25,10.56,360700
5575,2000-02-15,10.0,10.62,9.94,10.44,541400
5576,2000-02-14,10.19,10.31,9.75,9.81,289000
5577,2000-02-11,10.75,10.94,10.0,10.06,1062000
5578,2000-02-10,10.5,11.25,10.44,10.62,571500
5579,2000-02-09,9.88,10.25,9.75,10.12,1710100
5580,2000-02-08,10.75,10.88,9.75,9.88,795400
5581,2000-02-07,11.12,11.12,10.5,10.81,927200
5582,2000-02-04,12.0,12.06,11.25,11.38,1681900
5583,2000-02-03,12.0,12.06,12.0,12.0,579800
5584,2000-02-02,12.0,12.06,12.0,12.06,697400
5585,2000-02-01,12.0,12.06,12.0,12.0,367100
5586,2000-01-31,12.0,12.06,12.0,12.06,1880900
5587,2000-01-28,12.0,12.19,12.0,12.0,11192000
